video2.mat

Observer: Ahmed

Session: 1
3 [106 6.050000e+001 1.350000e+001 1.350000e+001] Chandler
 7 [167 66 31 31] Phoebe
 8 [1.425000e+002 62 2.750000e+001 2.750000e+001] Phoebe
 9 [143 60 30 30] Phoebe
 11 [191 5.750000e+001 2.750000e+001 2.750000e+001] Chandler
 12 [2.025000e+002 123 3.850000e+001 3.850000e+001] Monica
 15 [1.265000e+002 74 4.050000e+001 4.050000e+001] Ross
 16 [95 5.650000e+001 2.450000e+001 2.450000e+001] Chandler
 17 [100 6.150000e+001 2.350000e+001 2.350000e+001] Chandler
 18 [155 68 22 22] Phoebe
 18 [99 62 23 23] Chandler
 19 [1.915000e+002 5.650000e+001 19 19] Chandler
 26 [1.325000e+002 84 3.550000e+001 3.550000e+001] Phoebe
 29 [1.245000e+002 4.350000e+001 31 31] Joey
 34 [133 6.550000e+001 3.350000e+001 3.350000e+001] Chandler
 35 [134 75 62 62] Rachel
 36 [142 84 35 35] Monica
 37 [161 6.750000e+001 3.950000e+001 3.950000e+001] Phoebe
 38 [1.405000e+002 71 3.750000e+001 3.750000e+001] Joey
 39 [1.275000e+002 7.750000e+001 59 59] Chandler
 40 [122 62 33 33] Ross
 44 [135 7.950000e+001 3.750000e+001 3.750000e+001] Rachel
 47 [1.525000e+002 7.850000e+001 40 40] Rachel
 50 [133 9.850000e+001 2.150000e+001 2.150000e+001] Monica
 50 [9.650000e+001 144 4.500000e+000 4.500000e+000] Phoebe
 50 [1.565000e+002 50 2.250000e+001 2.250000e+001] Chandler
 53 [1.655000e+002 71 3.250000e+001 3.250000e+001] Phoebe
 55 [183 99 34 34] Monica
 58 [5.650000e+001 76 2.850000e+001 2.850000e+001] Chandler
 59 [153 5.850000e+001 3.350000e+001 3.350000e+001] Monica
 62 [1.115000e+002 6.550000e+001 23 23] Chandler
 64 [132 7.750000e+001 3.450000e+001 3.450000e+001] Ross
 68 [1.525000e+002 68 3.650000e+001 3.650000e+001] Ross
 69 [160 7.250000e+001 3.650000e+001 3.650000e+001] Ross
 70 [101 62 38 38] Dunno
 71 [164 6.750000e+001 3.850000e+001 3.850000e+001] Ross
 72 [180 4.850000e+001 3.550000e+001 3.550000e+001] Ross
 72 [75 4.750000e+001 3.350000e+001 3.350000e+001] Dunno
 73 [151 6.850000e+001 4.650000e+001 4.650000e+001] Ross
 74 [1.495000e+002 6.650000e+001 42 42] Ross
 76 [125 1.005000e+002 2.950000e+001 2.950000e+001] Monica
 76 [71 60 33 33] Chandler
 77 [74 6.050000e+001 3.050000e+001 3.050000e+001] Chandler
 77 [1.255000e+002 99 2.750000e+001 2.750000e+001] Monica
 78 [125 9.450000e+001 2.750000e+001 2.750000e+001] Monica
 78 [7.550000e+001 5.850000e+001 30 30] Chandler
 79 [1.875000e+002 95 2.750000e+001 2.750000e+001] Monica
 80 [2.175000e+002 1.055000e+002 32 32] Phoebe
 80 [1.415000e+002 65 2.650000e+001 2.650000e+001] Chandler
 80 [167 1.025000e+002 2.950000e+001 2.950000e+001] Monica
 81 [8.650000e+001 5.850000e+001 23 23] Ross
 81 [1.525000e+002 6.850000e+001 25 25] Chandler
 81 [2.245000e+002 1.075000e+002 35 35] Phoebe
 81 [1.725000e+002 102 2.750000e+001 2.750000e+001] Monica
 82 [56 5.650000e+001 2.550000e+001 2.550000e+001] Ross
 82 [2.215000e+002 1.045000e+002 32 32] Phoebe
 82 [1.705000e+002 1.015000e+002 30 30] Monica
 82 [1.495000e+002 6.750000e+001 26 26] Chandler
 83 [217 1.055000e+002 3.950000e+001 3.950000e+001] Phoebe
 83 [5.450000e+001 5.650000e+001 21 21] Ross
 83 [150 6.750000e+001 2.450000e+001 2.450000e+001] Chandler
 84 [5.650000e+001 58 2.650000e+001 2.650000e+001] Ross
 84 [178 100 25 25] Monica
 84 [1.515000e+002 67 2.350000e+001 2.350000e+001] Chandler
 85 [2.265000e+002 9.950000e+001 36 36] Phoebe
 85 [57 5.750000e+001 2.150000e+001 2.150000e+001] Ross
 85 [1.515000e+002 65 2.650000e+001 2.650000e+001] Chandler
 86 [186 9.450000e+001 2.450000e+001 2.450000e+001] Monica
 88 [192 69 24 24] Chandler
 94 [0 161 0 0] Monica
 95 [1.215000e+002 4.750000e+001 14 14] Chandler
 101 [120 7.450000e+001 3.450000e+001 3.450000e+001] Joey
 106 [1.155000e+002 57 2.150000e+001 2.150000e+001] Rachel
 110 [1.665000e+002 64 2.650000e+001 2.650000e+001] Ross
 118 [1.865000e+002 47 2.250000e+001 2.250000e+001] Ross
 119 [139 6.050000e+001 2.550000e+001 2.550000e+001] Rachel
 120 [1.565000e+002 74 3.650000e+001 3.650000e+001] Ross
 125 [1.785000e+002 87 2.350000e+001 2.350000e+001] Rachel
 125 [100 6.050000e+001 2.750000e+001 2.750000e+001] Joey
 126 [1.745000e+002 8.050000e+001 23 23] Rachel
 128 [1.795000e+002 7.550000e+001 25 25] Rachel
 129 [5.050000e+001 9.050000e+001 27 27] Monica
 129 [1.265000e+002 60 2.450000e+001 2.450000e+001] Chandler
 129 [2.075000e+002 75 2.550000e+001 2.550000e+001] Phoebe
 130 [75 106 37 37] Monica
 130 [1.805000e+002 63 3.350000e+001 3.350000e+001] Chandler
 131 [7.750000e+001 110 3.250000e+001 3.250000e+001] Monica
 132 [74 45 31 31] Joey
 133 [1.785000e+002 67 3.250000e+001 3.250000e+001] Chandler
 133 [72 1.115000e+002 2.750000e+001 2.750000e+001] Monica
 135 [1.605000e+002 4.850000e+001 15 15] Chandler
 136 [1.545000e+002 7.450000e+001 30 30] Chandler
 136 [6.750000e+001 1.045000e+002 29 29] Monica
 140 [1.315000e+002 70 3.850000e+001 3.850000e+001] Joey
 142 [149 7.150000e+001 3.550000e+001 3.550000e+001] Rachel
 143 [159 6.750000e+001 3.350000e+001 3.350000e+001] Rachel
 145 [179 88 36 36] Rachel
 148 [1.405000e+002 8.150000e+001 36 36] Rachel
 150 [143 76 43 43] Rachel
 151 [142 75 38 38] Rachel
 154 [126 99 68 68] Ross
 155 [1.535000e+002 6.350000e+001 38 38] Rachel
 156 [132 9.150000e+001 6.450000e+001 6.450000e+001] Ross
 158 [121 7.450000e+001 4.450000e+001 4.450000e+001] Joey
 161 [1.185000e+002 1.015000e+002 69 69] Ross
 162 [8.350000e+001 3.850000e+001 21 21] Joey
 163 [8.750000e+001 45 1.950000e+001 1.950000e+001] Joey
 167 [146 6.950000e+001 3.650000e+001 3.650000e+001] Chandler
 171 [113 73 40 40] Dunno
 174 [179 70 34 34] Ross
 175 [97 8.350000e+001 3.350000e+001 3.350000e+001] Monica
 176 [135 69 36 36] Phoebe
 178 [9.550000e+001 4.450000e+001 28 28] Chandler
 180 [165 57 39 39] Ross
 181 [1.385000e+002 7.050000e+001 33 33] Monica
 182 [167 79 44 44] Ross
 183 [171 5.850000e+001 3.250000e+001 3.250000e+001] Ross
 184 [152 8.550000e+001 4.050000e+001 4.050000e+001] Monica
 186 [1.655000e+002 57 1.050000e+001 1.050000e+001] Monica
 190 [8.850000e+001 7.650000e+001 29 29] Chandler
 191 [81 69 35 35] Ross
 192 [6.850000e+001 6.250000e+001 41 41] Ross
 193 [8.050000e+001 5.950000e+001 37 37] Ross
 194 [100 7.550000e+001 2.950000e+001 2.950000e+001] Chandler
 195 [2.025000e+002 83 2.450000e+001 2.450000e+001] Monica
 196 [119 69 41 41] Phoebe
 197 [1.165000e+002 70 4.250000e+001 4.250000e+001] Phoebe
 198 [138 101 57 57] Dunno2
 Session: 2
7 [167 6.150000e+001 3.250000e+001 3.250000e+001] Phoebe
 8 [141 64 25 25] Phoebe
 9 [144 62 30 30] Phoebe
 11 [191 5.750000e+001 2.850000e+001 2.850000e+001] Chandler
 12 [200 125 39 39] Monica
 15 [124 75 43 43] Ross
 16 [9.250000e+001 60 2.450000e+001 2.450000e+001] Chandler
 17 [155 68 23 23] Phoebe
 18 [96 6.250000e+001 2.850000e+001 2.850000e+001] Chandler
 18 [153 66 25 25] Phoebe
 18 [2.105000e+002 1.095000e+002 29 29] Monica
 26 [132 78 34 34] Phoebe
 28 [113 1.055000e+002 2.750000e+001 2.750000e+001] Monica
 28 [126 56 23 23] Chandler
 29 [123 3.950000e+001 2.950000e+001 2.950000e+001] Joey
 34 [1.325000e+002 66 3.450000e+001 3.450000e+001] Chandler
 35 [1.315000e+002 7.450000e+001 59 59] Rachel
 36 [141 8.250000e+001 4.250000e+001 4.250000e+001] Monica
 37 [161 6.950000e+001 4.850000e+001 4.850000e+001] Phoebe
 38 [134 67 38 38] Joey
 39 [126 79 63 63] Chandler
 40 [121 59 37 37] Ross
 43 [1.525000e+002 81 2.550000e+001 2.550000e+001] Monica
 43 [1.615000e+002 3.650000e+001 25 25] Chandler
 47 [1.515000e+002 78 4.550000e+001 4.550000e+001] Rachel
 50 [131 9.850000e+001 2.450000e+001 2.450000e+001] Monica
 50 [1.565000e+002 50 2.550000e+001 2.550000e+001] Chandler
 50 [92 1.445000e+002 2.750000e+001 2.750000e+001] Phoebe
 51 [52 1.275000e+002 3.050000e+001 3.050000e+001] Monica
 53 [1.635000e+002 7.150000e+001 34 34] Phoebe
 55 [1.805000e+002 9.550000e+001 33 33] Monica
 58 [5.750000e+001 7.650000e+001 32 32] Chandler
 59 [1.505000e+002 5.650000e+001 31 31] Monica
 62 [1.095000e+002 6.650000e+001 24 24] Chandler
 64 [135 75 34 34] Ross
 68 [1.525000e+002 68 3.750000e+001 3.750000e+001] Ross
 69 [161 6.850000e+001 3.550000e+001 3.550000e+001] Ross
 70 [9.650000e+001 6.250000e+001 41 41] Dunno
 71 [1.635000e+002 68 3.450000e+001 3.450000e+001] Ross
 72 [7.550000e+001 4.450000e+001 32 32] Dunno
 72 [178 4.550000e+001 3.050000e+001 3.050000e+001] Ross
 73 [1.495000e+002 6.350000e+001 38 38] Ross
 74 [151 6.550000e+001 4.050000e+001 4.050000e+001] Ross
 76 [125 99 26 26] Monica
 76 [7.350000e+001 56 3.350000e+001 3.350000e+001] Chandler
 77 [71 60 26 26] Chandler
 77 [1.225000e+002 98 3.150000e+001 3.150000e+001] Monica
 78 [76 5.650000e+001 3.450000e+001 3.450000e+001] Chandler
 78 [1.225000e+002 95 3.050000e+001 3.050000e+001] Monica
 79 [1.885000e+002 96 3.050000e+001 3.050000e+001] Monica
 80 [217 1.045000e+002 3.250000e+001 3.250000e+001] Phoebe
 80 [143 6.450000e+001 2.850000e+001 2.850000e+001] Chandler
 80 [1.665000e+002 1.015000e+002 27 27] Monica
 81 [8.750000e+001 58 2.050000e+001 2.050000e+001] Ross
 81 [1.535000e+002 66 2.450000e+001 2.450000e+001] Chandler
 81 [2.235000e+002 109 3.150000e+001 3.150000e+001] Phoebe
 81 [1.715000e+002 1.035000e+002 22 22] Monica
 82 [222 105 33 33] Phoebe
 82 [56 54 23 23] Ross
 82 [1.495000e+002 68 2.750000e+001 2.750000e+001] Chandler
 82 [1.705000e+002 1.025000e+002 27 27] Monica
 83 [2.165000e+002 1.065000e+002 35 35] Phoebe
 83 [151 68 22 22] Chandler
 83 [5.550000e+001 5.650000e+001 20 20] Ross
 84 [5.950000e+001 5.650000e+001 25 25] Ross
 84 [152 6.850000e+001 2.250000e+001 2.250000e+001] Chandler
 84 [179 99 27 27] Monica
 84 [2.285000e+002 99 3.250000e+001 3.250000e+001] Phoebe
 85 [5.650000e+001 5.850000e+001 25 25] Ross
 85 [225 100 34 34] Phoebe
 85 [154 68 22 22] Chandler
 86 [185 95 27 27] Monica
 88 [189 7.050000e+001 2.750000e+001 2.750000e+001] Chandler
 94 [7.350000e+001 1.075000e+002 31 31] Monica
 95 [1.205000e+002 4.650000e+001 15 15] Chandler
 101 [120 7.350000e+001 3.850000e+001 3.850000e+001] Joey
 106 [115 59 23 23] Rachel
 110 [1.665000e+002 63 2.750000e+001 2.750000e+001] Ross
 118 [1.865000e+002 4.650000e+001 25 25] Ross
 119 [140 6.150000e+001 3.050000e+001 3.050000e+001] Rachel
 120 [157 7.550000e+001 3.550000e+001 3.550000e+001] Ross
 125 [178 88 29 29] Rachel
 125 [100 6.050000e+001 3.150000e+001 3.150000e+001] Joey
 126 [173 80 27 27] Rachel
 128 [1.785000e+002 7.650000e+001 27 27] Rachel
 129 [52 8.850000e+001 2.250000e+001 2.250000e+001] Monica
 129 [127 60 28 28] Chandler
 129 [2.075000e+002 7.450000e+001 24 24] Phoebe
 130 [75 1.075000e+002 3.550000e+001 3.550000e+001] Monica
 130 [1.835000e+002 65 3.550000e+001 3.550000e+001] Chandler
 131 [77 110 35 35] Monica
 132 [76 47 31 31] Joey
 132 [1.915000e+002 69 2.650000e+001 2.650000e+001] Rachel
 133 [7.050000e+001 1.115000e+002 36 36] Monica
 133 [177 68 38 38] Chandler
 136 [6.950000e+001 106 3.150000e+001 3.150000e+001] Monica
 136 [1.555000e+002 74 3.350000e+001 3.350000e+001] Chandler
 140 [1.305000e+002 6.750000e+001 39 39] Joey
 142 [149 7.450000e+001 3.850000e+001 3.850000e+001] Rachel
 143 [159 6.950000e+001 3.550000e+001 3.550000e+001] Rachel
 144 [8.550000e+001 6.750000e+001 34 34] Joey
 145 [1.765000e+002 8.550000e+001 29 29] Rachel
 148 [144 79 33 33] Rachel
 149 [1.205000e+002 7.550000e+001 52 52] Joey
 150 [1.465000e+002 7.750000e+001 42 42] Rachel
 151 [1.415000e+002 76 4.450000e+001 4.450000e+001] Rachel
 154 [1.225000e+002 96 6.850000e+001 6.850000e+001] Ross
 155 [154 6.250000e+001 4.250000e+001 4.250000e+001] Rachel
 156 [1.345000e+002 8.650000e+001 71 71] Ross
 158 [122 74 47 47] Joey
 161 [120 9.550000e+001 7.350000e+001 7.350000e+001] Ross
 162 [83 3.950000e+001 2.250000e+001 2.250000e+001] Joey
 163 [8.650000e+001 43 2.250000e+001 2.250000e+001] Joey
 167 [1.465000e+002 6.650000e+001 37 37] Chandler
 171 [118 6.850000e+001 4.250000e+001 4.250000e+001] Dunno
 172 [1.255000e+002 7.250000e+001 41 41] Dunno
 173 [1.105000e+002 61 3.950000e+001 3.950000e+001] Ross
 174 [177 6.850000e+001 3.650000e+001 3.650000e+001] Ross
 175 [9.650000e+001 82 3.550000e+001 3.550000e+001] Monica
 176 [1.355000e+002 6.750000e+001 33 33] Phoebe
 178 [95 4.850000e+001 3.350000e+001 3.350000e+001] Chandler
 179 [83 4.750000e+001 3.050000e+001 3.050000e+001] Chandler
 180 [1.665000e+002 5.950000e+001 39 39] Ross
 181 [140 71 39 39] Monica
 182 [167 73 40 40] Ross
 183 [1.685000e+002 56 2.950000e+001 2.950000e+001] Ross
 183 [82 5.750000e+001 3.150000e+001 3.150000e+001] Dunno
 184 [152 8.250000e+001 3.750000e+001 3.750000e+001] Monica
 185 [1.045000e+002 7.650000e+001 33 33] Chandler
 186 [1.665000e+002 58 1.450000e+001 1.450000e+001] Monica
 189 [123 5.650000e+001 2.650000e+001 2.650000e+001] Ross
 190 [86 7.650000e+001 3.650000e+001 3.650000e+001] Chandler
 191 [8.450000e+001 66 3.750000e+001 3.750000e+001] Ross
 192 [68 61 38 38] Ross
 193 [77 63 43 43] Ross
 194 [99 7.550000e+001 3.150000e+001 3.150000e+001] Chandler
 195 [200 8.450000e+001 3.150000e+001 3.150000e+001] Monica
 196 [1.185000e+002 6.950000e+001 49 49] Phoebe
 197 [1.125000e+002 7.150000e+001 48 48] Phoebe
 198 [138 96 59 59] Dunno2
 Session: 3
7 [1.675000e+002 6.550000e+001 37 37] Phoebe
 8 [138 62 34 34] Phoebe
 9 [1.415000e+002 62 3.250000e+001 3.250000e+001] Phoebe
 11 [188 61 33 33] Chandler
 12 [196 123 42 42] Monica
 15 [124 74 39 39] Ross
 16 [9.250000e+001 60 2.850000e+001 2.850000e+001] Chandler
 16 [155 69 23 23] Phoebe
 17 [1.555000e+002 69 2.450000e+001 2.450000e+001] Phoebe
 17 [9.450000e+001 6.450000e+001 32 32] Chandler
 18 [9.850000e+001 63 2.650000e+001 2.650000e+001] Chandler
 18 [153 68 25 25] Phoebe
 19 [1.875000e+002 5.750000e+001 20 20] Chandler
 26 [1.315000e+002 8.350000e+001 40 40] Phoebe
 28 [114 106 27 27] Monica
 28 [1.265000e+002 55 2.850000e+001 2.850000e+001] Chandler
 28 [78 150 30 30] Phoebe
 29 [123 4.350000e+001 3.250000e+001 3.250000e+001] Joey
 34 [1.305000e+002 67 2.950000e+001 2.950000e+001] Chandler
 35 [133 75 55 55] Rachel
 36 [141 8.350000e+001 4.350000e+001 4.350000e+001] Monica
 38 [137 7.350000e+001 3.950000e+001 3.950000e+001] Joey
 39 [1.305000e+002 78 6.450000e+001 6.450000e+001] Chandler
 40 [122 6.250000e+001 3.550000e+001 3.550000e+001] Ross
 43 [1.615000e+002 38 2.550000e+001 2.550000e+001] Chandler
 43 [1.535000e+002 82 2.050000e+001 2.050000e+001] Monica
 47 [152 7.750000e+001 3.950000e+001 3.950000e+001] Rachel
 50 [1.525000e+002 49 2.550000e+001 2.550000e+001] Chandler
 50 [131 9.950000e+001 2.350000e+001 2.350000e+001] Monica
 50 [9.550000e+001 1.445000e+002 26 26] Phoebe
 51 [50 1.315000e+002 2.750000e+001 2.750000e+001] Monica
 53 [161 70 34 34] Phoebe
 55 [1.795000e+002 9.850000e+001 35 35] Monica
 57 [3.750000e+001 6.850000e+001 26 26] Chandler
 58 [56 7.750000e+001 3.150000e+001 3.150000e+001] Chandler
 59 [1.515000e+002 58 3.350000e+001 3.350000e+001] Monica
 68 [1.515000e+002 6.850000e+001 33 33] Ross
 69 [161 72 37 37] Ross
 70 [1.015000e+002 6.450000e+001 34 34] Dunno
 71 [1.625000e+002 68 4.050000e+001 4.050000e+001] Ross
 72 [7.650000e+001 4.550000e+001 33 33] Dunno
 72 [179 5.050000e+001 3.250000e+001 3.250000e+001] Ross
 73 [1.495000e+002 65 4.350000e+001 4.350000e+001] Ross
 74 [151 73 48 48] Ross
 76 [1.235000e+002 1.015000e+002 30 30] Monica
 76 [74 63 32 32] Chandler
 77 [1.225000e+002 99 3.350000e+001 3.350000e+001] Monica
 77 [72 58 36 36] Chandler
 78 [7.650000e+001 6.450000e+001 30 30] Chandler
 78 [125 9.550000e+001 2.950000e+001 2.950000e+001] Monica
 79 [1.865000e+002 95 2.850000e+001 2.850000e+001] Monica
 79 [1.165000e+002 67 3.250000e+001 3.250000e+001] Chandler
 80 [2.135000e+002 107 3.750000e+001 3.750000e+001] Phoebe
 80 [164 1.045000e+002 3.250000e+001 3.250000e+001] Monica
 80 [142 6.550000e+001 2.650000e+001 2.650000e+001] Joey
 81 [87 5.550000e+001 2.150000e+001 2.150000e+001] Ross
 81 [151 67 30 30] Chandler
 81 [223 1.075000e+002 3.850000e+001 3.850000e+001] Phoebe
 81 [1.725000e+002 1.015000e+002 28 28] Monica
 82 [220 102 34 34] Phoebe
 82 [170 9.850000e+001 2.950000e+001 2.950000e+001] Monica
 82 [153 65 25 25] Chandler
 82 [5.550000e+001 57 2.350000e+001 2.350000e+001] Ross
 83 [219 1.035000e+002 3.750000e+001 3.750000e+001] Phoebe
 83 [1.515000e+002 67 2.750000e+001 2.750000e+001] Chandler
 83 [4.850000e+001 5.850000e+001 25 25] Ross
 84 [152 69 23 23] Chandler
 84 [59 58 25 25] Ross
 85 [226 1.005000e+002 3.750000e+001 3.750000e+001] Phoebe
 85 [56 5.650000e+001 2.250000e+001 2.250000e+001] Ross
 86 [186 9.450000e+001 2.550000e+001 2.550000e+001] Monica
 88 [190 72 28 28] Chandler
 94 [71 1.075000e+002 3.150000e+001 3.150000e+001] Monica
 95 [1.215000e+002 4.650000e+001 15 15] Chandler
 106 [1.145000e+002 5.750000e+001 22 22] Rachel
 110 [167 63 26 26] Ross
 118 [197 56 0 0] Ross
 119 [139 61 29 29] Rachel
 120 [156 72 34 34] Ross
 124 [1.685000e+002 51 1.650000e+001 1.650000e+001] Joey
 125 [1.775000e+002 8.850000e+001 26 26] Rachel
 125 [97 6.050000e+001 3.350000e+001 3.350000e+001] Joey
 126 [173 8.050000e+001 2.550000e+001 2.550000e+001] Rachel
 128 [1.795000e+002 75 2.850000e+001 2.850000e+001] Rachel
 129 [5.250000e+001 8.750000e+001 24 24] Monica
 129 [1.275000e+002 5.950000e+001 25 25] Chandler
 129 [208 7.550000e+001 2.650000e+001 2.650000e+001] Phoebe
 130 [75 1.075000e+002 3.350000e+001 3.350000e+001] Monica
 130 [1.845000e+002 6.050000e+001 37 37] Chandler
 131 [77 112 37 37] Monica
 132 [1.905000e+002 72 2.950000e+001 2.950000e+001] Rachel
 132 [78 4.650000e+001 3.750000e+001 3.750000e+001] Joey
 133 [178 66 40 40] Chandler
 133 [72 113 34 34] Monica
 135 [160 48 15 15] Chandler
 136 [70 1.045000e+002 2.650000e+001 2.650000e+001] Monica
 136 [1.555000e+002 7.050000e+001 36 36] Chandler
 140 [131 6.850000e+001 3.450000e+001 3.450000e+001] Joey
 142 [148 71 35 35] Rachel
 143 [158 6.850000e+001 3.850000e+001 3.850000e+001] Rachel
 144 [8.650000e+001 63 3.850000e+001 3.850000e+001] Joey
 145 [1.785000e+002 8.650000e+001 38 38] Rachel
 146 [1.095000e+002 7.050000e+001 40 40] Joey
 148 [140 81 34 34] Rachel
 149 [121 70 48 48] Joey
 150 [142 72 39 39] Rachel
 151 [141 7.350000e+001 3.850000e+001 3.850000e+001] Rachel
 154 [122 9.250000e+001 6.050000e+001 6.050000e+001] Ross
 155 [154 62 39 39] Rachel
 156 [134 90 65 65] Ross
 158 [120 70 48 48] Joey
 161 [1.185000e+002 101 7.350000e+001 7.350000e+001] Ross
 162 [8.150000e+001 38 2.350000e+001 2.350000e+001] Joey
 163 [87 47 22 22] Joey
 167 [1.455000e+002 71 3.950000e+001 3.950000e+001] Chandler
 171 [1.165000e+002 7.150000e+001 39 39] Dunno
 172 [122 70 45 45] Dunno
 173 [110 6.450000e+001 3.750000e+001 3.750000e+001] Ross
 174 [1.795000e+002 68 2.950000e+001 2.950000e+001] Ross
 175 [9.650000e+001 8.350000e+001 33 33] Monica
 176 [1.355000e+002 6.750000e+001 34 34] Phoebe
 178 [95 4.750000e+001 3.150000e+001 3.150000e+001] Chandler
 180 [1.665000e+002 60 3.450000e+001 3.450000e+001] Ross
 181 [1.385000e+002 7.150000e+001 36 36] Monica
 182 [168 77 48 48] Ross
 183 [1.675000e+002 63 4.050000e+001 4.050000e+001] Ross
 184 [155 86 43 43] Monica
 191 [82 69 36 36] Ross
 192 [67 6.150000e+001 3.950000e+001 3.950000e+001] Ross
 194 [9.950000e+001 76 3.450000e+001 3.450000e+001] Chandler
 195 [198 84 27 27] Monica
 196 [1.195000e+002 70 4.650000e+001 4.650000e+001] Phoebe
 197 [117 7.050000e+001 4.050000e+001 4.050000e+001] Phoebe
 198 [1.395000e+002 97 6.450000e+001 6.450000e+001] Dunno2
 200 [168 7.450000e+001 3.250000e+001 3.250000e+001] Phoebe
 