video1.mat
Observer: Lluis
Session: 1
2 [1.835000e+002 39 16 16] ross
 3 [173 64 66 66] ross
 7 [181 6.750000e+001 77 77] ross
 8 [94 70 56 56] fibi
 9 [1.675000e+002 76 64 64] ross
 14 [1.335000e+002 8.550000e+001 33 33] fibi
 15 [9.750000e+001 7.250000e+001 53 53] rachel
 17 [82 6.850000e+001 35 35] fibi
 18 [1.875000e+002 6.150000e+001 43 43] ross
 19 [97 72 42 42] fibi
 20 [191 57 42 42] ross
 21 [96 6.750000e+001 37 37] fibi
 22 [1.665000e+002 6.250000e+001 35 35] ross
 23 [9.150000e+001 6.850000e+001 33 33] fibi
 25 [89 66 34 34] fibi
 26 [1.955000e+002 6.250000e+001 41 41] ross
 28 [7.950000e+001 73 36 36] fibi
 29 [79 69 38 38] fibi
 30 [1.405000e+002 64 44 44] rachel
 31 [88 76 34 34] fibi
 31 [2.175000e+002 50 38 38] ross
 32 [1.205000e+002 7.550000e+001 43 43] fibi
 32 [2.035000e+002 5.250000e+001 37 37] ross
 34 [1.415000e+002 1.045000e+002 49 49] rachel
 36 [129 58 40 40] rachel
 37 [162 72 38 38] monica
 38 [1.185000e+002 6.550000e+001 51 51] fibi
 40 [128 56 40 40] chedler
 41 [150 87 64 64] ross
 44 [88 6.450000e+001 41 41] chedler
 44 [132 110 40 40] monica
 45 [8.950000e+001 72 40 40] chedler
 45 [1.385000e+002 1.055000e+002 37 37] monica
 46 [87 6.950000e+001 44 44] chedler
 48 [107 8.450000e+001 61 61] chedler
 49 [1.125000e+002 7.650000e+001 49 49] chedler
 51 [184 73 60 60] monica
 52 [196 74 56 56] monica
 53 [59 6.550000e+001 21 21] joey
 54 [1.725000e+002 42 26 26] monica
 55 [80 1.055000e+002 35 35] monica
 55 [1.935000e+002 6.550000e+001 41 41] chedler
 56 [133 8.450000e+001 45 45] joey
 57 [80 8.850000e+001 37 37] monica
 57 [1.815000e+002 5.750000e+001 47 47] chedler
 59 [1.715000e+002 5.250000e+001 13 13] monica
 60 [9.450000e+001 8.450000e+001 31 31] monica
 60 [168 5.350000e+001 35 35] chedler
 61 [1.095000e+002 63 39 39] joey
 62 [114 5.950000e+001 41 41] joey
 64 [147 5.250000e+001 49 49] joey
 65 [1.435000e+002 6.450000e+001 45 45] joey
 66 [7.050000e+001 9.350000e+001 41 41] monica
 66 [1.845000e+002 5.350000e+001 41 41] chedler
 67 [7.050000e+001 90 32 32] monica
 67 [198 55 40 40] chedler
 68 [91 63 42 42] joey
 68 [2.365000e+002 107 37 37] monica
 69 [1.105000e+002 68 50 50] joey
 70 [1.935000e+002 58 36 36] hedler
 71 [1.365000e+002 65 48 48] joey
 74 [174 6.750000e+001 47 47] fibi
 76 [1.975000e+002 5.050000e+001 43 43] monica
 77 [151 83 46 46] fibi
 79 [117 73 52 52] monica
 80 [181 7.250000e+001 59 59] ross
 81 [177 7.450000e+001 57 57] ross
 82 [1.105000e+002 115 41 41] monica
 83 [122 7.650000e+001 49 49] fibi
 84 [109 8.450000e+001 39 39] fibi
 85 [1.245000e+002 7.650000e+001 55 55] fibi
 86 [115 6.650000e+001 21 21] monica
 87 [1.215000e+002 59 20 20] monica
 88 [1.255000e+002 71 52 52] fibi
 89 [125 90 56 56] fibi
 90 [178 77 62 62] ross
 91 [1.595000e+002 74 54 54] ross
 92 [1.585000e+002 6.350000e+001 61 61] fibi
 93 [160 7.650000e+001 59 59] fibi
 94 [162 82 60 60] ross
 95 [177 69 58 58] ross
 96 [184 7.250000e+001 53 53] ross
 97 [1.495000e+002 85 51 51] fibi
 98 [1.485000e+002 7.350000e+001 53 53] fibi
 99 [1.455000e+002 6.350000e+001 59 59] fibi
 100 [120 8.350000e+001 49 49] fibi
 101 [60 64 16 16] fibi
 104 [7.750000e+001 71 46 46] fibi
 104 [181 58 50 50] ross
 105 [185 6.950000e+001 49 49] ross
 107 [139 68 48 48] chedler
 108 [169 6.650000e+001 43 43] monica
 109 [1.045000e+002 64 44 44] chedler
 110 [172 6.350000e+001 47 47] monica
 113 [1.225000e+002 5.450000e+001 35 35] rachel
 114 [103 56 42 42] chedler
 114 [2.095000e+002 9.050000e+001 37 37] monica
 115 [121 5.550000e+001 41 41] rachel
 116 [97 5.550000e+001 41 41] chedler
 116 [212 91 30 30] monica
 117 [1.335000e+002 51 38 38] rachel
 118 [1.535000e+002 64 46 46] rachel
 119 [1.385000e+002 6.950000e+001 49 49] rachel
 120 [106 5.450000e+001 41 41] chedler
 120 [215 9.350000e+001 37 37] monica
 121 [1.375000e+002 63 48 48] rachel
 124 [190 69 48 48] monica
 125 [102 6.550000e+001 53 53] rachel
 126 [1.995000e+002 6.350000e+001 57 57] monica
 127 [1.655000e+002 56 50 50] chedler
 130 [135 59 46 46] monica
 131 [7.150000e+001 70 36 36] monica
 131 [2.115000e+002 53 46 46] rachel
 132 [7.150000e+001 7.150000e+001 37 37] monica
 132 [213 5.550000e+001 43 43] rachel
 133 [148 75 54 54] chedler
 134 [196 46 32 32] chedler
 134 [70 7.450000e+001 25 25] monica
 135 [1.325000e+002 55 32 32] rachel
 136 [62 9.950000e+001 41 41] monica
 138 [149 7.750000e+001 61 61] ross
 140 [123 7.050000e+001 75 75] ross
 141 [150 89 70 70] ross
 143 [1.465000e+002 6.850000e+001 55 55] fibi
 145 [145 7.350000e+001 45 45] fibi
 146 [74 7.350000e+001 45 45] mulata1
 146 [1.945000e+002 5.650000e+001 51 51] rubia1
 147 [1.255000e+002 5.550000e+001 49 49] fibi
 148 [2.285000e+002 5.050000e+001 31 31] castanya1
 149 [135 8.150000e+001 63 63] ross
 150 [164 7.250000e+001 59 59] castanya1
 151 [90 9.150000e+001 39 39] fibi
 152 [1.675000e+002 8.450000e+001 57 57] ross
 153 [139 9.350000e+001 67 67] ross
 154 [1.555000e+002 9.250000e+001 51 51] ross
 156 [216 7.650000e+001 55 55] ross
 157 [139 7.150000e+001 55 55] fibi
 158 [2.115000e+002 72 60 60] ross
 159 [162 8.650000e+001 67 67] ross
 160 [1.455000e+002 73 52 52] fibi
 161 [136 6.050000e+001 55 55] fibi
 163 [181 71 54 54] ross
 165 [112 59 52 52] ross
 166 [79 78 56 56] rubia1
 167 [8.250000e+001 8.050000e+001 53 53] rubia1
 167 [2.195000e+002 7.050000e+001 57 57] castanya1
 170 [144 72 52 52] monica
 171 [1.465000e+002 6.850000e+001 47 47] chedler
 172 [158 61 64 64] chedler
 173 [176 48 52 52] chedler
 174 [1.435000e+002 80 52 52] chedler
 176 [194 7.350000e+001 47 47] chedler
 177 [137 75 50 50] monica
 178 [7.950000e+001 7.250000e+001 19 19] monica
 180 [1.895000e+002 1.245000e+002 19 19] rachel
 181 [1.255000e+002 82 43 43] monica
 182 [1.645000e+002 7.150000e+001 53 53] rachel
 183 [138 7.750000e+001 57 57] monica
 184 [134 8.550000e+001 51 51] monica
 185 [192 69 52 52] rachel
 187 [142 70 44 44] monica
 188 [1.055000e+002 76 40 40] monica
 189 [1.065000e+002 90 37 37] monica
 190 [177 7.250000e+001 69 69] rachel
 191 [136 7.450000e+001 65 65] monica
 192 [222 67 30 30] rachel
 193 [222 62 32 32] rachel
 194 [1.235000e+002 81 52 52] monica
 195 [2.005000e+002 111 40 40] rachel
 196 [151 7.350000e+001 59 59] rachel
 199 [189 6.250000e+001 51 51] joey
 200 [1.675000e+002 62 42 42] joey
Session: 2
2 [1.825000e+002 3.950000e+001 15 15] ross
 3 [1.735000e+002 6.350000e+001 63 63] ross
 7 [1.805000e+002 68 70 70] ross
 8 [9.450000e+001 73 50 50] fibi
 9 [170 73 66 66] ross
 14 [131 84 42 42] fibi
 15 [105 74 56 56] rachel
 16 [1.085000e+002 73 42 42] fibi
 17 [81 6.550000e+001 41 41] fibi
 18 [190 6.150000e+001 49 49] ross
 19 [97 73 42 42] fibi
 20 [1.935000e+002 58 48 48] ross
 21 [9.650000e+001 71 38 38] fibi
 22 [166 6.250000e+001 43 43] ross
 23 [9.150000e+001 69 38 38] fibi
 25 [88 66 40 40] fibi
 26 [1.935000e+002 6.350000e+001 41 41] ross
 28 [7.850000e+001 7.650000e+001 39 39] fibi
 29 [78 69 42 42] fibi
 30 [1.445000e+002 6.450000e+001 43 43] rachel
 31 [90 7.250000e+001 45 45] fibi
 31 [2.205000e+002 5.350000e+001 45 45] ross
 32 [121 7.650000e+001 45 45] fibi
 32 [208 50 40 40] ross
 34 [139 1.035000e+002 55 55] rachel
 36 [131 5.450000e+001 41 41] rachel
 37 [163 74 40 40] monica
 38 [1.185000e+002 6.650000e+001 55 55] fibi
 40 [1.305000e+002 5.850000e+001 39 39] chedler
 44 [86 6.450000e+001 49 49] chedler
 44 [133 1.095000e+002 37 37] monica
 45 [8.650000e+001 7.350000e+001 41 41] chedler
 45 [1.405000e+002 1.055000e+002 43 43] monica
 46 [85 7.150000e+001 49 49] chedler
 48 [107 79 56 56] chedler
 49 [1.115000e+002 76 50 50] chedler
 51 [1.875000e+002 74 60 60] monica
 52 [197 73 60 60] monica
 53 [60 6.450000e+001 25 25] joey
 54 [1.735000e+002 40 32 32] monica
 55 [81 1.075000e+002 35 35] monica
 55 [194 67 40 40] chedler
 56 [136 86 50 50] joey
 57 [81 8.850000e+001 33 33] monica
 57 [1.845000e+002 5.850000e+001 47 47] chedler
 59 [1.715000e+002 53 18 18] monica
 60 [9.650000e+001 86 36 36] monica
 61 [1.095000e+002 64 46 46] joey
 62 [1.145000e+002 62 48 48] joey
 64 [146 5.350000e+001 59 59] joey
 65 [143 6.450000e+001 49 49] joey
 66 [7.150000e+001 9.150000e+001 37 37] monica
 66 [1.815000e+002 52 42 42] chedler
 67 [70 8.750000e+001 39 39] monica
 67 [2.035000e+002 5.350000e+001 49 49] chedler
 69 [1.125000e+002 6.550000e+001 49 49] joey
 70 [1.895000e+002 56 48 48] chedler
 71 [135 62 50 50] joey
 74 [174 6.950000e+001 55 55] fibi
 76 [1.985000e+002 5.250000e+001 47 47] monica
 77 [1.475000e+002 7.750000e+001 51 51] fibi
 79 [1.145000e+002 73 58 58] monica
 80 [180 7.150000e+001 61 61] ross
 81 [1.745000e+002 7.050000e+001 53 53] ross
 83 [120 7.550000e+001 61 61] fibi
 84 [107 82 48 48] fibi
 85 [123 7.250000e+001 53 53] fibi
 86 [1.145000e+002 66 20 20] monica
 87 [122 6.150000e+001 17 17] monica
 88 [1.255000e+002 7.550000e+001 59 59] fibi
 89 [126 88 62 62] fibi
 90 [1.795000e+002 79 70 70] ross
 91 [162 79 58 58] ross
 92 [160 66 60 60] fibi
 93 [1.555000e+002 7.150000e+001 61 61] fibi
 94 [161 81 58 58] ross
 95 [1.795000e+002 74 56 56] ross
 96 [188 7.550000e+001 59 59] ross
 97 [148 83 62 62] fibi
 98 [147 73 62 62] fibi
 99 [148 69 58 58] fibi
 100 [1.175000e+002 80 48 48] fibi
 104 [77 68 46 46] fibi
 104 [1.815000e+002 5.450000e+001 51 51] ross
 105 [1.855000e+002 7.150000e+001 57 57] ross
 107 [139 6.750000e+001 51 51] chedler
 108 [1.715000e+002 6.350000e+001 47 47] monica
 109 [105 6.750000e+001 37 37] chedler
 110 [1.735000e+002 63 50 50] monica
 113 [122 5.650000e+001 35 35] monica
 114 [1.035000e+002 5.750000e+001 39 39] chedler
 115 [121 58 38 38] monica
 116 [9.650000e+001 5.650000e+001 37 37] chedler
 116 [212 89 34 34] monica
 117 [133 5.050000e+001 33 33] rachel
 118 [156 66 50 50] rachel
 119 [141 67 54 54] rachel
 120 [1.055000e+002 55 42 42] chedler
 120 [216 9.250000e+001 35 35] monica
 121 [139 61 56 56] rachel
 124 [1.915000e+002 7.150000e+001 57 57] monica
 125 [105 6.750000e+001 47 47] rachel
 126 [197 64 54 54] monica
 127 [1.655000e+002 5.550000e+001 47 47] chedler
 130 [1.325000e+002 5.850000e+001 51 51] monica
 131 [6.950000e+001 6.850000e+001 33 33] monica
 131 [214 5.350000e+001 49 49] rachel
 132 [2.135000e+002 5.250000e+001 43 43] rachel
 132 [7.350000e+001 71 34 34] monica
 133 [150 7.450000e+001 55 55] chedler
 134 [194 4.350000e+001 33 33] chedler
 135 [133 55 32 32] rachel
 138 [1.475000e+002 7.950000e+001 63 63] ross
 139 [5.150000e+001 7.050000e+001 35 35] mulata1
 139 [117 5.950000e+001 33 33] rubia1
 139 [216 4.750000e+001 29 29] castanya1
 140 [128 71 66 66] ross
 141 [147 87 78 78] ross
 143 [1.465000e+002 65 54 54] fibi
 144 [70 7.250000e+001 51 51] mulata1
 144 [1.845000e+002 63 50 50] rubia1
 146 [7.850000e+001 7.650000e+001 43 43] mulata1
 146 [198 57 54 54] rubia1
 147 [1.245000e+002 55 46 46] fibi
 148 [2.285000e+002 53 34 34] castanya1
 149 [135 8.350000e+001 61 61] ross
 150 [164 73 66 66] castanya1
 153 [136 9.050000e+001 55 55] ross
 154 [1.605000e+002 9.650000e+001 57 57] ross
 156 [2.185000e+002 79 54 54] ross
 158 [2.125000e+002 72 58 58] ross
 160 [1.465000e+002 7.250000e+001 61 61] fibi
 161 [1.365000e+002 6.250000e+001 51 51] fibi
 162 [232 65 32 32] castanya1
 163 [1.795000e+002 7.150000e+001 49 49] ross
 165 [1.105000e+002 5.950000e+001 47 47] ross
 166 [78 79 48 48] rubia1
 167 [8.150000e+001 84 48 48] rubia1
 167 [222 7.250000e+001 49 49] castanya1
 170 [1.455000e+002 7.250000e+001 49 49] monica
 171 [1.455000e+002 71 47 47] chedler
 172 [1.585000e+002 61 62 62] chedler
 173 [1.775000e+002 48 50 50] chedler
 174 [145 8.350000e+001 51 51] chedler
 176 [196 7.450000e+001 39 39] chedler
 177 [1.365000e+002 7.350000e+001 43 43] monica
 178 [78 7.250000e+001 18 18] monica
 178 [1.875000e+002 4.550000e+001 27 27] chedler
 180 [1.905000e+002 1.215000e+002 23 23] rachel
 181 [126 8.150000e+001 45 45] monica
 182 [1.675000e+002 72 58 58] rachel
 183 [1.415000e+002 80 54 54] monica
 184 [138 88 62 62] monica
 185 [1.895000e+002 6.550000e+001 53 53] rachel
 187 [1.435000e+002 7.150000e+001 47 47] monica
 188 [108 7.550000e+001 33 33] monica
 189 [112 90 34 34] monica+
 190 [1.755000e+002 7.450000e+001 65 65] rachel
 192 [2.195000e+002 6.550000e+001 31 31] rachel
 193 [224 6.550000e+001 29 29] rachel
 194 [123 7.750000e+001 49 49] monica
 195 [199 109 40 40] rachel
 196 [1.525000e+002 79 52 52] rachel
 199 [1.885000e+002 67 50 50] joey
 200 [1.685000e+002 6.250000e+001 43 43] joey
Session: 3
2 [1.835000e+002 39 16 16] 
 2 [189 50 0 0] ss
 3 [172 6.750000e+001 61 61] ross
 7 [179 6.750000e+001 61 61] ross
 8 [95 7.650000e+001 49 49] fibi
 9 [172 77 60 60] ross
 14 [134 87 32 32] fibi
 15 [104 75 46 46] rachel
 17 [8.250000e+001 6.750000e+001 47 47] fibi
 18 [1.905000e+002 6.350000e+001 43 43] ross
 19 [94 6.950000e+001 43 43] fibi
 20 [1.925000e+002 56 44 44] ross
 21 [9.550000e+001 6.850000e+001 39 39] fibi
 22 [167 65 48 48] ross
 23 [93 7.050000e+001 43 43] fibi
 25 [8.750000e+001 6.650000e+001 45 45] fibi
 26 [1.975000e+002 6.450000e+001 51 51] ross
 28 [7.750000e+001 7.450000e+001 45 45] fibi
 29 [7.850000e+001 6.850000e+001 45 45] fibi
 30 [1.445000e+002 61 44 44] rachel
 31 [91 76 44 44] fibi
 31 [2.185000e+002 53 38 38] ross
 32 [1.235000e+002 76 44 44] fibi
 32 [205 5.250000e+001 47 47] ross
 34 [1.405000e+002 1.025000e+002 59 59] rachel
 36 [1.325000e+002 5.550000e+001 47 47] rachel
 37 [166 7.050000e+001 43 43] monica
 38 [1.205000e+002 66 59 59] fibi
 40 [129 5.650000e+001 43 43] chedler
 41 [1.555000e+002 9.450000e+001 73 73] ross
 44 [9.150000e+001 6.750000e+001 43 43] chedler
 44 [133 113 40 40] monica
 45 [141 1.065000e+002 39 39] monica
 45 [88 7.050000e+001 45 45] chedler
 46 [88 6.850000e+001 48 48] chedler
 48 [1.135000e+002 8.350000e+001 53 53] chedler
 49 [1.155000e+002 78 54 54] chedler
 51 [1.865000e+002 75 60 60] monica
 52 [1.975000e+002 7.650000e+001 57 57] monica
 53 [6.150000e+001 66 25 25] joey
 54 [177 4.250000e+001 35 35] monica
 55 [193 68 42 42] chedler
 55 [86 105 44 44] monica
 56 [1.355000e+002 87 48 48] joey
 57 [1.845000e+002 60 44 44] chedler
 57 [82 9.050000e+001 39 39] monica
 60 [9.550000e+001 83 32 32] monica
 61 [1.095000e+002 6.450000e+001 47 47] joey
 62 [115 62 44 44] joey
 64 [148 56 52 52] joey
 65 [1.445000e+002 66 44 44] joey
 66 [7.050000e+001 95 42 42] monica
 66 [1.825000e+002 5.550000e+001 45 45] chedler
 67 [6.950000e+001 88 38 38] monica
 67 [2.015000e+002 5.250000e+001 39 39] chedler
 68 [91 66 48 48] joey
 68 [2.365000e+002 1.045000e+002 47 47] monica
 69 [109 6.750000e+001 57 57] joey
 70 [1.925000e+002 5.350000e+001 41 41] chedler
 71 [1.355000e+002 68 54 54] joey
 74 [173 70 54 54] fibi
 76 [197 48 40 40] monica
 77 [1.475000e+002 77 55 55] fibi
 79 [116 74 56 56] monica
 80 [1.825000e+002 7.250000e+001 57 57] ross
 81 [1.735000e+002 72 56 56] ross
 83 [1.195000e+002 7.450000e+001 55 55] fibi
 84 [108 84 40 40] fibi
 85 [123 7.650000e+001 65 65] fibi
 86 [1.125000e+002 6.550000e+001 21 21] monica
 87 [1.205000e+002 61 24 24] monica
 88 [124 7.450000e+001 50 50] fibi
 89 [1.195000e+002 89 50 50] fibi
 90 [182 78 64 64] ross
 91 [1.595000e+002 7.850000e+001 55 55] ross
 92 [1.625000e+002 6.650000e+001 63 63] fibi
 93 [1.575000e+002 77 62 62] fibi
 94 [164 8.250000e+001 63 63] ross
 95 [179 72 64 64] ross
 96 [1.865000e+002 7.550000e+001 67 67] ross
 97 [143 8.050000e+001 59 59] fibi
 98 [147 7.450000e+001 65 65] fibi
 99 [1.475000e+002 68 70 70] fibi
 100 [1.155000e+002 7.950000e+001 65 65] fibi
 104 [1.825000e+002 5.750000e+001 49 49] ross
 105 [1.855000e+002 6.950000e+001 49 49] ross
 107 [1.365000e+002 6.550000e+001 47 47] chedler
 108 [1.705000e+002 6.550000e+001 49 49] monica
 109 [1.035000e+002 65 44 44] chedler
 110 [1.725000e+002 6.350000e+001 45 45] monica
 113 [1.225000e+002 5.750000e+001 43 43] rachel
 114 [105 5.250000e+001 39 39] chedler
 115 [1.215000e+002 5.550000e+001 41 41] rachel
 116 [101 52 42 42] chedler
 116 [2.115000e+002 9.250000e+001 37 37] monica
 117 [1.325000e+002 52 40 40] rachel
 118 [154 66 54 54] rachel
 119 [139 70 52 52] rachel
 120 [1.075000e+002 5.250000e+001 45 45] chedler
 120 [2.155000e+002 94 42 42] monica
 121 [1.395000e+002 66 58 58] rachel
 124 [189 68 48 48] monica
 125 [98 65 50 50] rachel
 126 [196 66 54 54] monica
 127 [166 56 50 50] chedler
 130 [1.355000e+002 6.050000e+001 51 51] monica
 131 [2.165000e+002 55 58 58] rachel
 132 [6.950000e+001 71 38 38] monica
 132 [2.165000e+002 58 42 42] rachel
 133 [150 7.450000e+001 51 51] chedler
 134 [195 46 32 32] chedler
 135 [133 58 28 28] rachel
 138 [1.495000e+002 7.750000e+001 63 63] ross
 139 [53 6.950000e+001 35 35] mulata1
 139 [120 5.850000e+001 35 35] rubia1
 139 [2.145000e+002 5.050000e+001 33 33] castanya1
 140 [1.245000e+002 71 72 72] ross
 141 [1.495000e+002 88 78 78] ross
 143 [144 66 58 58] fibi
 144 [7.150000e+001 7.750000e+001 53 53] mulata1
 144 [1.905000e+002 64 54 54] rubia1
 146 [76 77 46 46] mulata1
 146 [1.935000e+002 55 40 40] rubia1
 147 [124 58 52 52] fibi
 148 [2.315000e+002 5.050000e+001 37 37] castanya1
 149 [136 8.550000e+001 61 61] ross
 150 [1.655000e+002 69 64 64] castanya1
 151 [91 92 50 50] fibi
 153 [1.375000e+002 9.250000e+001 57 57] ross
 154 [155 9.150000e+001 63 63] ross
 156 [217 7.650000e+001 57 57] ross
 157 [141 75 52 52] fibi
 158 [213 72 56 56] ross
 160 [1.445000e+002 75 44 44] fibi
 161 [137 60 58 58] fibi
 162 [231 6.450000e+001 35 35] castanya1
 163 [1.805000e+002 71 48 48] ross
 165 [114 59 46 46] ross
 166 [79 8.050000e+001 57 57] rubia1
 167 [8.250000e+001 8.050000e+001 55 55] rubia1
 167 [2.255000e+002 7.050000e+001 55 55] castanya1
 170 [147 73 50 50] monica
 171 [148 70 44 44] chedler
 172 [159 60 52 52] chedler
 173 [176 50 46 46] chedler
 174 [143 8.250000e+001 51 51] chedler
 176 [197 76 48 48] chedler
 177 [1.335000e+002 70 46 46] monica
 180 [1.895000e+002 1.215000e+002 23 23] rachel
 181 [127 8.350000e+001 43 43] monica
 182 [1.655000e+002 7.050000e+001 53 53] rachel
 183 [138 8.350000e+001 57 57] monica
 184 [1.375000e+002 84 52 52] monica
 185 [191 7.250000e+001 63 63] rachel
 187 [1.415000e+002 72 44 44] monica
 188 [106 7.550000e+001 37 37] monica
 189 [110 88 40 40] monica
 190 [179 7.450000e+001 61 61] rachel
 192 [223 6.850000e+001 29 29] 
 192 [1.405000e+002 3.450000e+001 -1 -1] rachel
 193 [2.255000e+002 62 32 32] rachel
 194 [124 7.950000e+001 52 52] monica
 195 [203 110 42 42] rachel
 196 [151 76 52 52] rachel
 199 [188 6.750000e+001 57 57] joey
 200 [168 63 44 44] joey
