video1.mat
Observer: Face detector
Session: 3
3 [1.715000e+002 5.850000e+001 57 57] ross
7 [184 64 68 68] ross
8 [100 73 56 56] fibi
9 [169 72 64 64] ross
14 [1.365000e+002 8.450000e+001 41 41] fibi
15 [9.750000e+001 6.750000e+001 51 51] rachel
18 [1.855000e+002 5.750000e+001 45 45] ross
19 [102 70 46 46] fibi
20 [189 53 44 44] ross
21 [101 65 44 44] fibi
22 [1.655000e+002 5.850000e+001 43 43] ross
25 [90 65 42 42] fibi
26 [1.965000e+002 5.850000e+001 45 45] ross
28 [83 73 44 44] fibi
29 [8.150000e+001 6.750000e+001 47 47] fibi
30 [1.385000e+002 6.150000e+001 47 47] rachel
31 [2.175000e+002 4.850000e+001 45 45] ross
31 [93 77 40 40] fibi
32 [2.025000e+002 4.850000e+001 43 43] ross
32 [123 76 46 46] fibi
34 [143 98 58 58] rachel
36 [1.295000e+002 5.350000e+001 41 41] rachel
37 [162 73 48 48] monica
44 [1.285000e+002 1.095000e+002 47 47] monica
45 [1.375000e+002 1.045000e+002 45 45] monica
48 [107 83 54 54] chedler
49 [116 73 56 56] chedler
51 [186 72 66 66] monica
52 [1.975000e+002 7.150000e+001 61 61] monica
55 [80 105 40 40] monica
55 [194 64 50 50] chedler
56 [137 83 48 48] joey
57 [8.050000e+001 8.750000e+001 41 41] monica
57 [183 54 50 50] chedler
60 [9.350000e+001 8.150000e+001 37 37] monica
62 [116 56 52 52] joey
64 [1.495000e+002 4.950000e+001 57 57] joey
65 [1.425000e+002 6.350000e+001 53 53] joey
66 [181 48 46 46] chedler
66 [6.850000e+001 8.950000e+001 41 41] monica
67 [69 87 40 40] monica
67 [196 50 44 44] chedler
69 [118 65 56 56] joey
76 [194 47 46 46] monica
80 [178 67 62 62] ross
81 [176 68 60 60] ross
84 [1.115000e+002 8.150000e+001 43 43] fibi
85 [1.245000e+002 7.150000e+001 65 65] fibi
88 [1.235000e+002 7.050000e+001 63 63] fibi
89 [1.225000e+002 8.750000e+001 65 65] fibi
90 [183 73 64 64] ross
91 [159 72 58 58] ross
92 [164 62 68 68] fibi
93 [162 70 66 66] fibi
94 [161 78 58 58] ross
95 [1.805000e+002 6.850000e+001 63 63] ross
96 [1.905000e+002 7.150000e+001 63 63] ross
97 [1.535000e+002 8.250000e+001 65 65] fibi
98 [1.515000e+002 7.250000e+001 65 65] fibi
99 [1.485000e+002 6.150000e+001 73 73] fibi
104 [74 68 48 48] fibi
105 [182 63 54 54] ross
107 [139 67 56 56] chedler
108 [1.675000e+002 6.250000e+001 53 53] monica
109 [1.095000e+002 6.550000e+001 47 47] chedler
110 [172 61 54 54] monica
113 [122 53 40 40] rachel
114 [205 89 36 36] monica
114 [1.005000e+002 5.350000e+001 43 43] chedler
115 [122 52 40 40] rachel
116 [2.075000e+002 8.850000e+001 37 37] monica
116 [9.450000e+001 5.350000e+001 43 43] chedler
119 [1.405000e+002 6.450000e+001 51 51] rachel
120 [102 52 44 44] chedler
120 [2.115000e+002 9.050000e+001 39 39] monica
121 [1.405000e+002 5.950000e+001 51 51] rachel
124 [1.845000e+002 6.650000e+001 51 51] monica
125 [1.065000e+002 6.250000e+001 43 43] rachel
126 [191 63 50 50] monica
127 [1.645000e+002 5.450000e+001 55 55] chedler
130 [1.395000e+002 5.650000e+001 47 47] monica
131 [213 49 46 46] rachel
131 [7.550000e+001 6.950000e+001 43 43] monica
132 [2.145000e+002 5.250000e+001 41 41] rachel
132 [74 70 42 42] monica
133 [1.465000e+002 7.150000e+001 57 57] chedler
134 [1.955000e+002 4.750000e+001 41 41] chedler
135 [1.295000e+002 5.150000e+001 37 37] rachel
136 [5.550000e+001 9.650000e+001 39 39] monica
140 [1.235000e+002 6.450000e+001 67 67] ross
141 [155 85 82 82] ross
143 [1.525000e+002 6.350000e+001 57 57] fibi
145 [148 73 52 52] fibi
146 [1.905000e+002 5.250000e+001 51 51] rubia1
147 [1.295000e+002 5.350000e+001 55 55] fibi
148 [2.265000e+002 4.850000e+001 35 35] castanya1
149 [1.435000e+002 7.950000e+001 75 75] ross
150 [161 70 62 62] castanya1
152 [173 84 66 66] ross
153 [139 89 62 62] ross
154 [161 92 64 64] ross
156 [221 71 54 54] ross
157 [145 66 60 60] fibi
158 [214 68 54 54] ross
159 [169 82 68 68] ross
160 [1.495000e+002 6.850000e+001 53 53] fibi
161 [1.435000e+002 5.750000e+001 55 55] fibi
163 [179 66 48 48] ross
165 [1.115000e+002 5.250000e+001 51 51] ross
166 [8.250000e+001 7.650000e+001 57 57] rubia1
167 [2.165000e+002 7.050000e+001 53 53] castanya1
167 [8.950000e+001 7.950000e+001 59 59] rubia1
170 [150 70 50 50] monica
171 [144 69 52 52] chedler
173 [171 47 46 46] chedler
174 [144 82 60 60] chedler
176 [1.935000e+002 7.250000e+001 45 45] chedler
177 [137 71 52 52] monica
182 [1.645000e+002 6.750000e+001 53 53] rachel
183 [145 78 62 62] monica
184 [139 84 60 60] monica
185 [1.875000e+002 6.550000e+001 57 57] rachel
187 [1.495000e+002 7.050000e+001 53 53] monica
188 [1.105000e+002 7.450000e+001 47 47] monica
189 [112 88 46 46] monica
190 [177 72 66 66] rachel
191 [1.425000e+002 7.650000e+001 63 63] monica
192 [2.215000e+002 6.750000e+001 37 37] rachel
193 [2.225000e+002 6.150000e+001 33 33] rachel
194 [118 77 62 62] monica
196 [1.475000e+002 7.150000e+001 47 47] rachel
199 [190 67 54 54] joey