video2.mat
Observer: Ahmed
Session: 2
7 [153 4.300000e+01 28 37] Lisa
8 [129 5.100000e+01 24 26] Lisa
9 [131 4.500000e+01 26 34] Lisa
11 [178 4.200000e+01 26 31] Matthew
12 [182 1.040000e+02 36 42] Courteney
15 [105 5.100000e+01 38 48] David
16 [84 4.400000e+01 17 32] Matthew
17 [145 5.500000e+01 20 26] Lisa
18 [83 4.700000e+01 26 31] Matthew
18 [141 5.300000e+01 24 26] Lisa
18 [199 9.200000e+01 23 35] Courteney
26 [118 5.800000e+01 28 40] Lisa
28 [101 9.000000e+01 24 31] Courteney
28 [116 4.300000e+01 20 26] Matthew
29 [109 2.400000e+01 28 31] Matt
34 [114 5.000000e+01 37 32] Matthew
35 [103 4.400000e+01 57 61] Jennifer
36 [120 6.100000e+01 42 43] Courteney
37 [134 4.800000e+01 54 43] Lisa
38 [117 4.600000e+01 34 42] Matt
39 [95 4.700000e+01 62 64] Matthew
40 [103 4.000000e+01 36 38] David
43 [141 6.700000e+01 23 28] Courteney
43 [151 2.200000e+01 21 29] Matthew
47 [130 5.400000e+01 43 48] Jennifer
50 [119 8.600000e+01 24 25] Courteney
50 [145 3.600000e+01 23 28] Matthew
50 [81 1.280000e+02 22 33] Lisa
51 [39 1.100000e+02 26 35] Courteney
53 [151 5.000000e+01 25 43] Lisa
55 [169 7.400000e+01 23 43] Courteney
58 [41 6.100000e+01 33 31] Matthew
59 [137 3.900000e+01 27 35] Courteney
62 [97 5.500000e+01 25 23] Matthew
64 [117 5.900000e+01 36 32] David
68 [136 4.700000e+01 33 42] David
69 [148 4.600000e+01 26 45] David
70 [77 4.100000e+01 39 43] Dunno
71 [148 4.900000e+01 31 38] David
72 [64 2.400000e+01 23 41] Dunno
72 [164 2.900000e+01 28 33] David
73 [134 4.100000e+01 31 45] David
74 [134 4.200000e+01 34 47] David
76 [114 8.400000e+01 22 30] Courteney
76 [60 3.600000e+01 27 40] Matthew
77 [60 4.500000e+01 22 30] Matthew
77 [109 8.000000e+01 27 36] Courteney
78 [61 3.700000e+01 30 39] Matthew
78 [111 7.600000e+01 23 38] Courteney
79 [177 7.700000e+01 23 38] Courteney
80 [202 8.700000e+01 30 35] Lisa
80 [130 4.900000e+01 26 31] Matthew
80 [155 8.600000e+01 23 31] Courteney
81 [78 4.700000e+01 19 22] David
81 [142 5.300000e+01 23 26] Matthew
81 [209 9.200000e+01 29 34] Lisa
81 [165 8.800000e+01 13 31] Courteney
82 [209 8.500000e+01 26 40] Lisa
82 [45 4.200000e+01 22 24] David
82 [136 5.400000e+01 27 28] Matthew
82 [158 8.800000e+01 25 29] Courteney
83 [202 8.600000e+01 29 41] Lisa
83 [139 5.800000e+01 24 20] Matthew
83 [46 4.600000e+01 19 21] David
84 [49 4.200000e+01 21 29] David
84 [142 5.600000e+01 20 25] Matthew
84 [168 8.300000e+01 22 32] Courteney
84 [215 8.000000e+01 27 38] Lisa
85 [45 4.500000e+01 23 27] David
85 [209 8.200000e+01 32 36] Lisa
85 [144 5.600000e+01 20 24] Matthew
86 [173 8.000000e+01 24 30] Courteney
88 [178 5.400000e+01 22 33] Matthew
94 [57 9.300000e+01 33 29] Courteney
95 [113 3.900000e+01 15 15] Matthew
101 [104 5.100000e+01 32 45] Matt
106 [106 4.500000e+01 18 28] Jennifer
110 [154 4.800000e+01 25 30] David
118 [176 3.200000e+01 21 29] David
119 [127 4.400000e+01 26 35] Jennifer
120 [142 5.500000e+01 30 41] David
125 [167 7.000000e+01 22 36] Jennifer
125 [85 4.400000e+01 30 33] Matt
126 [162 6.400000e+01 22 32] Jennifer
128 [166 6.200000e+01 25 29] Jennifer
129 [41 7.700000e+01 22 23] Courteney
129 [115 4.400000e+01 24 32] Matthew
129 [198 6.000000e+01 19 29] Lisa
130 [61 8.600000e+01 28 43] Courteney
130 [168 4.500000e+01 31 40] Matthew
131 [62 9.000000e+01 30 40] Courteney
132 [63 2.900000e+01 26 36] Matt
132 [179 5.500000e+01 25 28] Jennifer
133 [53 9.300000e+01 35 37] Courteney
133 [159 4.800000e+01 36 40] Matthew
136 [56 8.800000e+01 27 36] Courteney
136 [140 5.600000e+01 31 36] Matthew
140 [114 4.500000e+01 33 45] Matt
142 [133 5.200000e+01 32 45] Jennifer
143 [144 4.900000e+01 30 41] Jennifer
144 [70 4.900000e+01 31 37] Matt
145 [164 6.900000e+01 25 33] Jennifer
148 [132 5.800000e+01 24 42] Jennifer
149 [98 4.600000e+01 45 59] Matt
150 [130 5.200000e+01 33 51] Jennifer
151 [123 5.000000e+01 37 52] Jennifer
154 [91 5.900000e+01 63 74] David
155 [136 3.800000e+01 36 49] Jennifer
156 [105 4.500000e+01 59 83] David
158 [102 4.700000e+01 40 54] Matt
161 [85 5.700000e+01 70 77] David
162 [72 2.800000e+01 22 23] Matt
163 [76 3.100000e+01 21 24] Matt
167 [130 4.600000e+01 33 41] Matthew
171 [98 4.600000e+01 40 45] Dunno
172 [109 4.800000e+01 33 49] Dunno
173 [94 3.800000e+01 33 46] David
174 [160 4.900000e+01 34 39] David
175 [82 6.100000e+01 29 42] Courteney
176 [122 4.800000e+01 27 39] Lisa
178 [78 3.200000e+01 34 33] Matthew
179 [70 3.000000e+01 26 35] Matthew
180 [151 3.600000e+01 31 47] David
181 [122 5.000000e+01 36 42] Courteney
182 [152 4.800000e+01 30 50] David
183 [158 3.700000e+01 21 38] David
183 [68 4.000000e+01 28 35] Dunno
184 [133 6.400000e+01 38 37] Courteney
185 [93 5.500000e+01 23 43] Matthew
186 [159 5.100000e+01 15 14] Courteney
189 [110 4.300000e+01 26 27] David
190 [68 5.800000e+01 36 37] Matthew
191 [71 4.200000e+01 27 48] David
192 [51 4.000000e+01 34 42] David
193 [60 3.700000e+01 34 52] David
194 [85 5.800000e+01 28 35] Matthew
195 [185 6.800000e+01 30 33] Courteney
196 [95 4.400000e+01 47 51] Lisa
197 [91 4.500000e+01 43 53] Lisa
198 [116 5.900000e+01 44 74] Dunno2
