video2.mat
Observer: Ahmed
Session: 1
3 [100 5.300000e+01 12 15] Matthew
7 [155 4.700000e+01 24 38] Lisa
8 [130 4.700000e+01 25 30] Lisa
9 [131 4.200000e+01 24 36] Lisa
11 [178 4.300000e+01 26 29] Matthew
12 [186 1.010000e+02 33 44] Courteney
15 [106 5.400000e+01 41 40] David
16 [85 4.200000e+01 20 29] Matthew
17 [89 4.900000e+01 22 25] Matthew
18 [145 5.600000e+01 20 24] Lisa
18 [88 5.000000e+01 22 24] Matthew
19 [183 4.600000e+01 17 21] Matthew
26 [116 6.500000e+01 33 38] Lisa
29 [111 2.600000e+01 27 35] Matt
34 [115 5.000000e+01 36 31] Matthew
35 [107 4.000000e+01 54 70] Jennifer
36 [124 6.700000e+01 36 34] Courteney
37 [141 4.800000e+01 40 39] Lisa
38 [122 5.200000e+01 37 38] Matt
39 [99 4.700000e+01 57 61] Matthew
40 [107 4.400000e+01 30 36] David
44 [118 5.900000e+01 34 41] Jennifer
47 [133 5.800000e+01 39 41] Jennifer
50 [123 8.700000e+01 20 23] Courteney
50 [106 1.300000e+02 -19 28] Lisa
50 [146 3.800000e+01 21 24] Matthew
53 [152 5.200000e+01 27 38] Lisa
55 [168 8.000000e+01 30 38] Courteney
58 [42 6.200000e+01 29 28] Matthew
59 [138 4.000000e+01 30 37] Courteney
62 [100 5.400000e+01 23 23] Matthew
64 [113 6.200000e+01 38 31] David
68 [136 4.800000e+01 33 40] David
69 [144 5.200000e+01 32 41] David
70 [83 4.200000e+01 36 40] Dunno
71 [147 4.600000e+01 34 43] David
72 [166 2.700000e+01 28 43] David
72 [59 3.000000e+01 32 35] Dunno
73 [131 4.200000e+01 40 53] David
74 [132 4.200000e+01 35 49] David
76 [112 8.400000e+01 26 33] Courteney
76 [56 4.200000e+01 30 36] Matthew
77 [60 4.400000e+01 28 33] Matthew
77 [114 8.300000e+01 23 32] Courteney
78 [113 7.900000e+01 24 31] Courteney
78 [61 4.300000e+01 29 31] Matthew
79 [175 8.000000e+01 25 30] Courteney
80 [203 8.800000e+01 29 35] Lisa
80 [129 5.100000e+01 25 28] Matthew
80 [154 8.600000e+01 26 33] Courteney
81 [78 4.400000e+01 17 29] David
81 [142 5.400000e+01 21 29] Matthew
81 [209 8.800000e+01 31 39] Lisa
81 [161 8.600000e+01 23 32] Courteney
82 [44 4.300000e+01 24 27] David
82 [207 8.700000e+01 29 35] Lisa
82 [158 8.400000e+01 25 35] Courteney
82 [137 5.400000e+01 25 27] Matthew
83 [199 8.400000e+01 36 43] Lisa
83 [45 4.500000e+01 19 23] David
83 [140 5.300000e+01 20 29] Matthew
84 [45 4.300000e+01 23 30] David
84 [167 8.600000e+01 22 28] Courteney
84 [141 5.400000e+01 21 26] Matthew
85 [210 8.000000e+01 33 39] Lisa
85 [48 4.500000e+01 18 25] David
85 [139 5.100000e+01 25 28] Matthew
86 [176 8.000000e+01 20 29] Courteney
88 [182 5.500000e+01 20 28] Matthew
94 [0 1.610000e+02 0 0] Courteney
95 [115 4.000000e+01 13 15] Matthew
101 [105 5.500000e+01 30 39] Matt
106 [106 4.500000e+01 19 24] Jennifer
110 [156 4.800000e+01 21 32] David
118 [177 3.400000e+01 19 26] David
119 [128 4.600000e+01 22 29] Jennifer
120 [140 5.400000e+01 33 40] David
125 [169 7.300000e+01 19 28] Jennifer
125 [87 4.600000e+01 26 29] Matt
126 [164 6.800000e+01 21 25] Jennifer
128 [169 6.100000e+01 21 29] Jennifer
129 [39 7.500000e+01 23 31] Courteney
129 [116 4.600000e+01 21 28] Matthew
129 [196 6.100000e+01 23 28] Lisa
130 [60 8.400000e+01 30 44] Courteney
130 [165 4.500000e+01 31 36] Matthew
131 [63 9.200000e+01 29 36] Courteney
132 [59 2.900000e+01 30 32] Matt
133 [165 4.800000e+01 27 38] Matthew
133 [60 9.600000e+01 24 31] Courteney
135 [154 4.000000e+01 13 17] Matthew
136 [142 5.700000e+01 25 35] Matthew
136 [54 8.900000e+01 27 31] Courteney
140 [115 4.800000e+01 33 44] Matt
142 [132 5.300000e+01 34 37] Jennifer
143 [146 4.700000e+01 26 41] Jennifer
145 [163 6.800000e+01 32 40] Jennifer
148 [125 6.100000e+01 31 41] Jennifer
150 [126 5.000000e+01 34 52] Jennifer
151 [127 5.200000e+01 30 46] Jennifer
154 [97 6.000000e+01 58 78] David
155 [138 4.100000e+01 31 45] Jennifer
156 [104 5.500000e+01 56 73] David
158 [100 5.100000e+01 42 47] Matt
161 [90 6.100000e+01 57 81] David
162 [74 2.700000e+01 19 23] Matt
163 [80 3.300000e+01 15 24] Matt
167 [129 5.000000e+01 34 39] Matthew
171 [95 5.100000e+01 36 44] Dunno
174 [165 5.000000e+01 28 40] David
175 [82 6.500000e+01 30 37] Courteney
176 [119 4.900000e+01 32 40] Lisa
178 [82 3.000000e+01 27 29] Matthew
180 [149 3.400000e+01 32 46] David
181 [126 5.000000e+01 25 41] Courteney
182 [149 5.300000e+01 36 52] David
183 [157 4.000000e+01 28 37] David
184 [135 6.200000e+01 34 47] Courteney
186 [161 5.100000e+01 9 12] Courteney
190 [74 6.200000e+01 29 29] Matthew
191 [67 4.800000e+01 28 42] David
192 [51 3.900000e+01 35 47] David
193 [66 3.700000e+01 29 45] David
194 [86 6.000000e+01 28 31] Matthew
195 [192 6.900000e+01 21 28] Courteney
196 [100 4.700000e+01 38 44] Lisa
197 [96 4.800000e+01 41 44] Lisa
198 [115 6.700000e+01 46 68] Dunno2
