video1
Observer: Cristian Olivares
Session: 1
2 [183.152632 39.152632 13.187368 13.187368] Ross
3 [173 67.500000 46.500000 46.500000] Ross
7 [183.380000 73.712632 50.703158 50.703158] Ross
8 [96.752632 79.851579 43.882105 43.882105] Phoebe
9 [170 82 48 48] Ross
20 [191.500000 60.500000 36 36] Ross
21 [97.500000 73.500000 35 35] Phoebe
22 [166 65 38 38] Ross
23 [92 71.500000 37.500000 37.500000] Phoebe
25 [88 70.500000 37.500000 37.500000] Phoebe
26 [195.500000 66.500000 40 40] Ross
28 [79.500000 77 35.500000 35.500000] Phoebe
29 [80 73.500000 37.500000 37.500000] Phoebe
30 [140.500000 65 40.500000 40.500000] Rachel
31 [218 53 35 35] Ross
31 [92.500000 81 32.500000 32.500000] Phoebe
32 [123.500000 80 35.500000 35.500000] Phoebe
32 [204 55 35 35] Ross
34 [142 107.500000 46.500000 46.500000] Rachel
36 [130 58 32 32] Rachel
37 [165.500000 75.500000 37 37] Monica
38 [118.500000 72 50.500000 50.500000] Phoebe
44 [132 114 35 35] Monica
45 [138 111 34 34] Monica
46 [91 76 41 41] Chandler
48 [107 93 46 46] Chandler
49 [114 81 45 45] Chandler
51 [187.500000 76 45.500000 45.500000] Monica
52 [198.500000 80 46.500000 46.500000] Monica
53 [59 66.500000 23.500000 23.500000] Joey
55 [80.500000 108.500000 31 31] Monica
55 [196 69 37 37] Chandler
56 [134.500000 91 38.500000 38.500000] Joey
57 [81.500000 92.500000 32 32] Monica
57 [182 61 40 40] Chandler
59 [172.466316 53.704211 15.688421 15.688421] Monica
61 [110.500000 64.500000 38 38] Joey
62 [114.500000 65 45.500000 45.500000] Joey
64 [147 59 42 42] Joey
65 [144 70.500000 38.500000 38.500000] Joey
66 [184.500000 54.500000 36 36] Chandler
67 [70 92 32 32] Monica
68 [93 67 44 44] Joey
68 [237.500000 107.500000 41 41] Monica
71 [135.500000 69.500000 46 46] Joey
74 [177 72 48 48] Phoebe
80 [180 74 43 43] Ross
81 [176.500000 76 44.500000 44.500000] Ross
83 [124 78.500000 43.500000 43.500000] Phoebe
85 [124 77 48 48] Phoebe
88 [124.500000 75.500000 47 47] Phoebe
89 [125 94 48 48] Phoebe
90 [183 79 46 46] Ross
91 [160.500000 79.500000 44 44] Ross
92 [161.500000 69.500000 48 48] Phoebe
93 [160 77 43 43] Phoebe
94 [162.500000 86 45.500000 45.500000] Ross
95 [181 75 44 44] Ross
96 [188 81 45 45] Ross
97 [151.500000 88 45.500000 45.500000] Phoebe
98 [150 79.500000 48.500000 48.500000] Phoebe
99 [149 68.500000 47.500000 47.500000] Phoebe
105 [183 69 42 42] Ross
107 [138.500000 72.500000 42 42] Chandler
108 [170.500000 69.500000 44 44] Monica
109 [105 72 36 36] Chandler
110 [173 65.500000 40.500000 40.500000] Monica
113 [122 58 32 32] Rachel
114 [101.500000 59.500000 33 33] Chandler
115 [123.500000 58.500000 30 30] Rachel
116 [94 59.500000 32.500000 32.500000] Chandler
118 [157 69.500000 43.500000 43.500000] Rachel
119 [141 73 44 44] Rachel
120 [102.500000 60 35.500000 35.500000] Chandler
121 [141.500000 67.500000 39 39] Rachel
127 [165.500000 61 39.500000 39.500000] Chandler
131 [213.500000 54 32.500000 32.500000] Rachel
132 [216 59 32 32] Rachel
133 [147 78 42 42] Chandler
140 [124.500000 74 54.500000 54.500000] Ross
147 [127.500000 59 46.500000 46.500000] Phoebe
156 [219 80.500000 42.500000 42.500000] Ross
158 [213.500000 75.500000 42 42] Ross
163 [180.500000 74.500000 39 39] Ross
165 [113.500000 61 42.500000 42.500000] Ross
170 [148.500000 74.500000 42 42] Monica
174 [143.500000 88 38.500000 38.500000] Chandler
176 [194.500000 79 33.500000 33.500000] Chandler
177 [135.500000 75.500000 40 40] Monica
185 [189 72 44 44] Rachel
190 [177.500000 74 46.500000 46.500000] Rachel
193 [221.350526 63.935789 21.600000 21.600000] Rachel
200 [166 66.500000 40.500000 40.500000] Joey
Session: 2
2 [183.607368 39.380000 11.595789 11.595789] Ross
3 [172 66.500000 40.500000 40.500000] Ross
7 [181.500000 71 46.500000 46.500000] Ross
8 [96 81 41 41] Phoebe
9 [168.500000 80.500000 46 46] Ross
20 [190.500000 61 34.500000 34.500000] Ross
22 [165 66 36 36] Ross
23 [93.500000 73.500000 35 35] Phoebe
25 [89.500000 70.500000 32 32] Phoebe
26 [196 65.500000 34.500000 34.500000] Ross
28 [80.500000 80.500000 31 31] Phoebe
29 [80 74.500000 32.500000 32.500000] Phoebe
31 [217.500000 54 32.500000 32.500000] Ross
32 [123 79.500000 33.500000 33.500000] Phoebe
32 [203.500000 55.500000 32 32] Ross
34 [143.500000 109.500000 41 41] Rachel
36 [129 59 31 31] Rachel
37 [163.500000 78.500000 33 33] Monica
38 [117 72 47 47] Phoebe
44 [131.500000 114.500000 34 34] Monica
45 [138.500000 110 32.500000 32.500000] Monica
46 [88.500000 76 40.500000 40.500000] Chandler
48 [107 91.500000 43.500000 43.500000] Chandler
49 [114.500000 81.500000 42 42] Chandler
51 [187.500000 77 43.500000 43.500000] Monica
52 [197.500000 78.500000 43 43] Monica
53 [59.918947 66.436842 19.098947 19.098947] Joey
55 [194 70.500000 36.500000 36.500000] Chandler
55 [79.700000 108.954737 28.193684 28.193684] Monica
56 [135 90 36 36] Joey
57 [183.500000 61.500000 36 36] Chandler
61 [112 66.500000 38.500000 38.500000] Joey
62 [115 63.500000 38.500000 38.500000] Joey
64 [148.500000 59 40.500000 40.500000] Joey
65 [143 70 37 37] Joey
66 [182.500000 54 32.500000 32.500000] Chandler
67 [69.500000 92.500000 30 30] Monica
68 [91 69 41 41] Joey
68 [237 107 40 40] Monica
71 [137 72.500000 41.500000 41.500000] Joey
74 [176 72.500000 43.500000 43.500000] Phoebe
79 [115.500000 80 51.500000 51.500000] Monica
80 [180.500000 74.500000 44 44] Ross
81 [176.500000 77 45.500000 45.500000] Ross
83 [123 79 46 46] Phoebe
85 [126.500000 79 49.500000 49.500000] Phoebe
88 [123.500000 77.500000 49 49] Phoebe
89 [123 94 50 50] Phoebe
90 [183.500000 79 53.500000 53.500000] Ross
91 [159.500000 79 50.500000 50.500000] Ross
92 [163 67.500000 52.500000 52.500000] Phoebe
94 [162 85.500000 45.500000 45.500000] Ross
95 [178 77 48 48] Ross
96 [188 82.500000 48.500000 48.500000] Ross
98 [149.500000 79.500000 53 53] Phoebe
99 [146.500000 68 53.500000 53.500000] Phoebe
105 [184.500000 70 46.500000 46.500000] Ross
107 [137.500000 71.500000 45 45] Chandler
108 [170.500000 69.500000 44 44] Monica
109 [105 72 36 36] Chandler
110 [172.500000 67 42.500000 42.500000] Monica
113 [121.500000 57.500000 32 32] Rachel
114 [101.500000 60.500000 33 33] Chandler
115 [123 57 32 32] Rachel
116 [96.500000 59 33.500000 33.500000] Chandler
118 [156.500000 69 42.500000 42.500000] Rachel
119 [138.500000 73.500000 42 42] Rachel
120 [104.500000 59.500000 40 40] Chandler
121 [140 66 42 42] Rachel
127 [164 60 42 42] Chandler
131 [215 54.500000 34.500000 34.500000] Rachel
132 [214 58.500000 36.500000 36.500000] Rachel
133 [148 78 45 45] Chandler
140 [123.500000 74 54.500000 54.500000] Ross
147 [127.500000 59 46.500000 46.500000] Phoebe
156 [219.500000 79.500000 44 44] Ross
158 [213 74.500000 44.500000 44.500000] Ross
163 [180.500000 74.500000 39 39] Ross
165 [113.500000 61 42.500000 42.500000] Ross
170 [148.500000 77 41.500000 41.500000] Monica
174 [142.500000 87.500000 41 41] Chandler
176 [194 77.500000 35.500000 35.500000] Chandler
177 [136.500000 77 41.500000 41.500000] Monica
185 [189 72 44 44] Rachel
190 [177 76.500000 51.500000 51.500000] Rachel
193 [221.350526 63.935789 21.600000 21.600000] Rachel
200 [169 67 39 39] Joey
Session: 3
2 [183.380000 39.380000 12.277895 12.277895] Ross
3 [172.500000 67.500000 44 44] Ross
7 [183 72.500000 51.500000 51.500000] Ross
8 [98 80.500000 43.500000 43.500000] Phoebe
9 [169.500000 81 46.500000 46.500000] Ross
20 [191 61 37 37] Ross
22 [166 65 37 37] Ross
23 [92.500000 73.500000 34 34] Phoebe
25 [89.500000 69 34.500000 34.500000] Phoebe
26 [195 67.500000 35.500000 35.500000] Ross
28 [80 79.500000 33.500000 33.500000] Phoebe
29 [80 75.500000 34.500000 34.500000] Phoebe
31 [218 53.500000 30.500000 30.500000] Ross
32 [123 79.500000 32.500000 32.500000] Phoebe
32 [205 55.500000 33.500000 33.500000] Ross
34 [138 109 46 46] Rachel
36 [128.500000 60 31.500000 31.500000] Rachel
37 [164 77 35 35] Monica
38 [116 71 48 48] Phoebe
44 [130 116 36 36] Monica
45 [138.500000 110 34.500000 34.500000] Monica
46 [90 76.500000 43.500000 43.500000] Chandler
48 [108 90.500000 46.500000 46.500000] Chandler
49 [113.500000 81 42.500000 42.500000] Chandler
52 [197.500000 78.500000 43 43] Monica
53 [59.918947 66.436842 19.098947 19.098947] Joey
55 [80 109.500000 30.500000 30.500000] Monica
55 [194 70.500000 34.500000 34.500000] Chandler
56 [134.500000 90 38.500000 38.500000] Joey
57 [182.500000 61 40.500000 40.500000] Chandler
61 [112 66 40 40] Joey
62 [117 64 44 44] Joey
64 [148.500000 58.500000 43 43] Joey
65 [144.500000 71.500000 37 37] Joey
66 [182 55 36 36] Chandler
67 [70.500000 92 32.500000 32.500000] Monica
68 [91 68.500000 44.500000 44.500000] Joey
68 [239 108 42 42] Monica
71 [135.500000 72.500000 45 45] Joey
74 [176.500000 72.500000 47 47] Phoebe
79 [117 77.500000 53.500000 53.500000] Monica
80 [181 75 49 49] Ross
81 [176 76.500000 48.500000 48.500000] Ross
83 [121 78 48 48] Phoebe
85 [124 79 53 53] Phoebe
88 [124 78.500000 53.500000 53.500000] Phoebe
89 [125.500000 94.500000 51 51] Phoebe
90 [182 80.500000 49.500000 49.500000] Ross
91 [160 80 49 49] Ross
92 [162 68 53 53] Phoebe
94 [164 88 49 49] Ross
95 [178.500000 76.500000 50 50] Ross
96 [187 78.500000 47.500000 47.500000] Ross
98 [148 77.500000 52.500000 52.500000] Phoebe
99 [145 68.500000 53.500000 53.500000] Phoebe
105 [182.500000 71.500000 45 45] Ross
107 [137.500000 71 42.500000 42.500000] Chandler
108 [170.500000 69.500000 44 44] Monica
109 [105.500000 72 36.500000 36.500000] Chandler
110 [173.500000 66.500000 42 42] Monica
113 [121 56.500000 32.500000 32.500000] Rachel
114 [102 58 33 33] Chandler
115 [121.500000 57 30.500000 30.500000] Rachel
116 [95.500000 57 35.500000 35.500000] Chandler
118 [157.500000 65.500000 42 42] Rachel
119 [138.500000 71.500000 45 45] Rachel
120 [105.500000 59 38.500000 38.500000] Rachel
121 [137.500000 66 41.500000 41.500000] Rachel
127 [164 61 42 42] Chandler
131 [213.500000 55 37.500000 37.500000] Rachel
132 [214 58.500000 34.500000 34.500000] Rachel
133 [147.500000 78.500000 42 42] Chandler
140 [125 76 57 57] Ross
147 [127.500000 59 46.500000 46.500000] Phoebe
156 [218.500000 80 43.500000 43.500000] Ross
158 [213 74.500000 44.500000 44.500000] Ross
163 [180 74 43 43] Ross
165 [111.500000 58 41.500000 41.500000] Ross
170 [147.500000 77 41.500000 41.500000] Monica
174 [142.500000 87 40.500000 40.500000] Chandler
176 [196 80 37 37] Chandler
177 [136.500000 77 42.500000 42.500000] Monica
185 [189.500000 72.500000 47 47] Rachel
190 [177 75.500000 50.500000 50.500000] Rachel
193 [222.260000 64.390526 23.873684 23.873684] Rachel
200 [166.500000 67 43.500000 43.500000] Joey