video2.mat
Observer: Face detector
Session: 1
7 [1.655000e+002 5.850000e+001 51 51] Phoebe
9 [1.425000e+002 5.650000e+001 45 45] Phoebe
11 [1.955000e+002 5.550000e+001 37 37] Chandler
12 [2.025000e+002 1.175000e+002 49 49] Monica
15 [1.195000e+002 6.750000e+001 45 45] Ross
16 [9.550000e+001 5.550000e+001 35 35] Chandler
18 [155 63 32 32] Phoebe
18 [1.005000e+002 5.950000e+001 33 33] Chandler
29 [127 40 42 42] Joey
35 [136 68 74 74] Rachel
39 [131 74 78 78] Chandler
40 [1.205000e+002 5.650000e+001 43 43] Ross
44 [1.445000e+002 7.350000e+001 55 55] Rachel
47 [153 72 52 52] Rachel
50 [94 140 36 36] Phoebe
53 [167 68 52 52] Phoebe
55 [183 92 42 42] Monica
68 [152 63 48 48] Ross
69 [160 65 46 46] Ross
70 [104 57 46 46] Dunno
71 [165 63 46 46] Ross
72 [179 43 42 42] Ross
72 [72 42 36 36] Dunno
73 [1.485000e+002 5.550000e+001 57 57] Ross
74 [146 57 60 60] Ross
76 [1.255000e+002 9.550000e+001 35 35] Monica
76 [74 55 38 38] Chandler
77 [76 56 38 38] Chandler
77 [125 96 36 36] Monica
78 [1.255000e+002 9.150000e+001 37 37] Monica
79 [187 91 38 38] Monica
80 [1.435000e+002 6.250000e+001 35 35] Chandler
80 [166 98 36 36] Monica
81 [90 54 34 34] Ross
81 [1.535000e+002 6.450000e+001 37 37] Chandler
81 [1.715000e+002 9.950000e+001 37 37] Monica
81 [227 101 48 48] Phoebe
82 [57 52 34 34] Ross
82 [1.515000e+002 6.450000e+001 35 35] Chandler
82 [169 99 36 36] Monica
82 [2.205000e+002 9.750000e+001 47 47] Phoebe
83 [152 66 34 34] Chandler
83 [2.185000e+002 9.750000e+001 45 45] Phoebe
84 [153 65 32 32] Chandler
84 [5.850000e+001 5.350000e+001 35 35] Ross
85 [229 93 48 48] Phoebe
85 [1.525000e+002 6.550000e+001 35 35] Chandler
85 [5.650000e+001 5.350000e+001 35 35] Ross
86 [189 93 34 34] Monica
88 [193 69 34 34] Chandler
101 [117 69 52 52] Joey
110 [1.705000e+002 5.950000e+001 39 39] Ross
118 [188 41 32 32] Ross
120 [155 67 46 46] Ross
125 [1.785000e+002 8.250000e+001 35 35] Rachel
126 [1.735000e+002 7.650000e+001 35 35] Rachel
128 [1.795000e+002 7.050000e+001 37 37] Rachel
129 [1.255000e+002 5.550000e+001 39 39] Chandler
129 [52 87 36 36] Monica
129 [2.075000e+002 6.950000e+001 39 39] Phoebe
130 [1.815000e+002 5.850000e+001 49 49] Chandler
130 [7.350000e+001 1.025000e+002 43 43] Monica
131 [78 106 42 42] Monica
132 [81 40 42 42] Joey
133 [1.775000e+002 6.250000e+001 45 45] Chandler
133 [7.150000e+001 1.085000e+002 41 41] Monica
136 [69 102 40 40] Monica
136 [1.525000e+002 6.950000e+001 43 43] Chandler
140 [133 64 50 50] Joey
142 [1.495000e+002 6.850000e+001 43 43] Rachel
143 [1.585000e+002 6.450000e+001 45 45] Rachel
145 [177 83 46 46] Rachel
148 [1.405000e+002 7.650000e+001 45 45] Rachel
150 [144 67 46 46] Rachel
151 [142 66 52 52] Rachel
154 [1.265000e+002 8.250000e+001 79 79] Ross
155 [156 56 50 50] Rachel
156 [133 80 88 88] Ross
158 [1.275000e+002 6.450000e+001 59 59] Joey
161 [124 87 92 92] Ross
167 [145 66 48 48] Chandler
171 [1.125000e+002 6.650000e+001 53 53] Dunno
174 [183 63 46 46] Ross
175 [9.650000e+001 7.850000e+001 41 41] Monica
176 [133 62 48 48] Phoebe
178 [9.550000e+001 4.250000e+001 37 37] Chandler
180 [1.705000e+002 5.250000e+001 45 45] Ross
181 [137 66 48 48] Monica
182 [169 73 58 58] Ross
183 [1.715000e+002 5.350000e+001 47 47] Ross
184 [1.555000e+002 8.050000e+001 51 51] Monica
190 [8.850000e+001 7.150000e+001 39 39] Chandler
191 [8.750000e+001 6.350000e+001 55 55] Ross
192 [72 57 54 54] Ross
194 [99 70 40 40] Chandler
195 [2.015000e+002 8.050000e+001 37 37] Monica
196 [1.195000e+002 6.150000e+001 59 59] Phoebe
197 [1.175000e+002 6.450000e+001 57 57] Phoebe
198 [144 89 80 80] Dunno2
Session: 2
7 [1.655000e+002 5.850000e+001 51 51] Phoebe
9 [1.425000e+002 5.650000e+001 45 45] Phoebe
11 [1.955000e+002 5.550000e+001 37 37] Chandler
12 [2.025000e+002 1.175000e+002 49 49] Monica
15 [1.195000e+002 6.750000e+001 45 45] Ross
16 [9.550000e+001 5.550000e+001 35 35] Chandler
18 [155 63 32 32] Phoebe
18 [1.005000e+002 5.950000e+001 33 33] Chandler
29 [127 40 42 42] Joey
35 [136 68 74 74] Rachel
39 [131 74 78 78] Chandler
40 [1.205000e+002 5.650000e+001 43 43] Ross
44 [1.445000e+002 7.350000e+001 55 55] Rachel
47 [153 72 52 52] Rachel
50 [94 140 36 36] Phoebe
53 [167 68 52 52] Phoebe
55 [183 92 42 42] Monica
68 [152 63 48 48] Ross
69 [160 65 46 46] Ross
70 [104 57 46 46] Dunno
71 [165 63 46 46] Ross
72 [179 43 42 42] Ross
72 [72 42 36 36] Dunno
73 [1.485000e+002 5.550000e+001 57 57] Ross
74 [146 57 60 60] Ross
76 [1.255000e+002 9.550000e+001 35 35] Monica
76 [74 55 38 38] Chandler
77 [76 56 38 38] Chandler
77 [125 96 36 36] Monica
78 [1.255000e+002 9.150000e+001 37 37] Monica
79 [187 91 38 38] Monica
80 [1.435000e+002 6.250000e+001 35 35] Chandler
80 [166 98 36 36] Monica
81 [90 54 34 34] Ross
81 [1.535000e+002 6.450000e+001 37 37] Chandler
81 [1.715000e+002 9.950000e+001 37 37] Monica
81 [227 101 48 48] Phoebe
82 [57 52 34 34] Ross
82 [1.515000e+002 6.450000e+001 35 35] Chandler
82 [169 99 36 36] Monica
82 [2.205000e+002 9.750000e+001 47 47] Phoebe
83 [152 66 34 34] Chandler
83 [2.185000e+002 9.750000e+001 45 45] Phoebe
84 [153 65 32 32] Chandler
84 [5.850000e+001 5.350000e+001 35 35] Ross
85 [229 93 48 48] Phoebe
85 [1.525000e+002 6.550000e+001 35 35] Chandler
85 [5.650000e+001 5.350000e+001 35 35] Ross
86 [189 93 34 34] Monica
88 [193 69 34 34] Chandler
101 [117 69 52 52] Joey
110 [1.705000e+002 5.950000e+001 39 39] Ross
118 [188 41 32 32] Ross
120 [155 67 46 46] Ross
125 [1.785000e+002 8.250000e+001 35 35] Rachel
126 [1.735000e+002 7.650000e+001 35 35] Rachel
128 [1.795000e+002 7.050000e+001 37 37] Rachel
129 [1.255000e+002 5.550000e+001 39 39] Chandler
129 [52 87 36 36] Monica
129 [2.075000e+002 6.950000e+001 39 39] Phoebe
130 [1.815000e+002 5.850000e+001 49 49] Chandler
130 [7.350000e+001 1.025000e+002 43 43] Monica
131 [78 106 42 42] Monica
132 [81 40 42 42] Joey
133 [1.775000e+002 6.250000e+001 45 45] Chandler
133 [7.150000e+001 1.085000e+002 41 41] Monica
136 [69 102 40 40] Monica
136 [1.525000e+002 6.950000e+001 43 43] Chandler
140 [133 64 50 50] Joey
142 [1.495000e+002 6.850000e+001 43 43] Rachel
143 [1.585000e+002 6.450000e+001 45 45] Rachel
145 [177 83 46 46] Rachel
148 [1.405000e+002 7.650000e+001 45 45] Rachel
150 [144 67 46 46] Rachel
151 [142 66 52 52] Rachel
154 [1.265000e+002 8.250000e+001 79 79] Ross
155 [156 56 50 50] Rachel
156 [133 80 88 88] Ross
158 [1.275000e+002 6.450000e+001 59 59] Joey
161 [124 87 92 92] Ross
167 [145 66 48 48] Chandler
171 [1.125000e+002 6.650000e+001 53 53] Dunno
174 [183 63 46 46] Ross
175 [9.650000e+001 7.850000e+001 41 41] Monica
176 [133 62 48 48] Phoebe
178 [9.550000e+001 4.250000e+001 37 37] Chandler
180 [1.705000e+002 5.250000e+001 45 45] Ross
181 [137 66 48 48] Monica
182 [169 73 58 58] Ross
183 [1.715000e+002 5.350000e+001 47 47] Ross
184 [1.555000e+002 8.050000e+001 51 51] Monica
190 [8.850000e+001 7.150000e+001 39 39] Chandler
191 [8.750000e+001 6.350000e+001 55 55] Ross
192 [72 57 54 54] Ross
194 [99 70 40 40] Chandler
195 [2.015000e+002 8.050000e+001 37 37] Monica
196 [1.195000e+002 6.150000e+001 59 59] Phoebe
197 [1.175000e+002 6.450000e+001 57 57] Phoebe
198 [144 89 80 80] Dunno2
Session: 3
7 [1.655000e+002 5.850000e+001 51 51] Phoebe
9 [1.425000e+002 5.650000e+001 45 45] Phoebe
11 [1.955000e+002 5.550000e+001 37 37] Chandler
12 [2.025000e+002 1.175000e+002 49 49] Monica
15 [1.195000e+002 6.750000e+001 45 45] Ross
16 [9.550000e+001 5.550000e+001 35 35] Chandler
18 [155 63 32 32] Phoebe
18 [1.005000e+002 5.950000e+001 33 33] Chandler
29 [127 40 42 42] Joey
35 [136 68 74 74] Rachel
39 [131 74 78 78] Chandler
40 [1.205000e+002 5.650000e+001 43 43] Ross
44 [1.445000e+002 7.350000e+001 55 55] Rachel
47 [153 72 52 52] Rachel
50 [94 140 36 36] Phoebe
53 [167 68 52 52] Phoebe
55 [183 92 42 42] Monica
68 [152 63 48 48] Ross
69 [160 65 46 46] Ross
70 [104 57 46 46] Dunno
71 [165 63 46 46] Ross
72 [179 43 42 42] Ross
72 [72 42 36 36] Dunno
73 [1.485000e+002 5.550000e+001 57 57] Ross
74 [146 57 60 60] Ross
76 [1.255000e+002 9.550000e+001 35 35] Monica
76 [74 55 38 38] Chandler
77 [76 56 38 38] Chandler
77 [125 96 36 36] Monica
78 [1.255000e+002 9.150000e+001 37 37] Monica
79 [187 91 38 38] Monica
80 [1.435000e+002 6.250000e+001 35 35] Chandler
80 [166 98 36 36] Monica
81 [90 54 34 34] Ross
81 [1.535000e+002 6.450000e+001 37 37] Chandler
81 [1.715000e+002 9.950000e+001 37 37] Monica
81 [227 101 48 48] Phoebe
82 [57 52 34 34] Ross
82 [1.515000e+002 6.450000e+001 35 35] Chandler
82 [169 99 36 36] Monica
82 [2.205000e+002 9.750000e+001 47 47] Phoebe
83 [152 66 34 34] Chandler
83 [2.185000e+002 9.750000e+001 45 45] Phoebe
84 [153 65 32 32] Chandler
84 [5.850000e+001 5.350000e+001 35 35] Ross
85 [229 93 48 48] Phoebe
85 [1.525000e+002 6.550000e+001 35 35] Chandler
85 [5.650000e+001 5.350000e+001 35 35] Ross
86 [189 93 34 34] Monica
88 [193 69 34 34] Chandler
101 [117 69 52 52] Joey
110 [1.705000e+002 5.950000e+001 39 39] Ross
118 [188 41 32 32] Ross
120 [155 67 46 46] Ross
125 [1.785000e+002 8.250000e+001 35 35] Rachel
126 [1.735000e+002 7.650000e+001 35 35] Rachel
128 [1.795000e+002 7.050000e+001 37 37] Rachel
129 [1.255000e+002 5.550000e+001 39 39] Chandler
129 [52 87 36 36] Monica
129 [2.075000e+002 6.950000e+001 39 39] Phoebe
130 [1.815000e+002 5.850000e+001 49 49] Chandler
130 [7.350000e+001 1.025000e+002 43 43] Monica
131 [78 106 42 42] Monica
132 [81 40 42 42] Joey
133 [1.775000e+002 6.250000e+001 45 45] Chandler
133 [7.150000e+001 1.085000e+002 41 41] Monica
136 [69 102 40 40] Monica
136 [1.525000e+002 6.950000e+001 43 43] Chandler
140 [133 64 50 50] Joey
142 [1.495000e+002 6.850000e+001 43 43] Rachel
143 [1.585000e+002 6.450000e+001 45 45] Rachel
145 [177 83 46 46] Rachel
148 [1.405000e+002 7.650000e+001 45 45] Rachel
150 [144 67 46 46] Rachel
151 [142 66 52 52] Rachel
154 [1.265000e+002 8.250000e+001 79 79] Ross
155 [156 56 50 50] Rachel
156 [133 80 88 88] Ross
158 [1.275000e+002 6.450000e+001 59 59] Joey
161 [124 87 92 92] Ross
167 [145 66 48 48] Chandler
171 [1.125000e+002 6.650000e+001 53 53] Dunno
174 [183 63 46 46] Ross
175 [9.650000e+001 7.850000e+001 41 41] Monica
176 [133 62 48 48] Phoebe
178 [9.550000e+001 4.250000e+001 37 37] Chandler
180 [1.705000e+002 5.250000e+001 45 45] Ross
181 [137 66 48 48] Monica
182 [169 73 58 58] Ross
183 [1.715000e+002 5.350000e+001 47 47] Ross
184 [1.555000e+002 8.050000e+001 51 51] Monica
190 [8.850000e+001 7.150000e+001 39 39] Chandler
191 [8.750000e+001 6.350000e+001 55 55] Ross
192 [72 57 54 54] Ross
194 [99 70 40 40] Chandler
195 [2.015000e+002 8.050000e+001 37 37] Monica
196 [1.195000e+002 6.150000e+001 59 59] Phoebe
197 [1.175000e+002 6.450000e+001 57 57] Phoebe
198 [144 89 80 80] Dunno2
