video1.mat
Isaac Cano
Session: 1
2 [182.833 38.8333 12 12] Ross
3 [167.5 66.1667 37.3333 37.3333] Ross
7 [183.5 72.8333 50.6667 50.6667] Ross
8 [102.833 78.1667 37.3333 37.3333] Phoebe
9 [167.5 81.5 50.6667 50.6667] Ross
14 [138.833 87.5 48 48] Phoebe
15 [92.8333 68.8333 46.6667 46.6667] Rachel
18 [182.833 58.8333 44 44] Ross
19 [105.5 72.1667 48 48] Phoebe
20 [187.5 54.8333 42.6667 42.6667] Ross
22 [167.5 61.5 33.3333 33.3333] Ross
23 [97.5 67.5 30.6667 30.6667] Phoebe
25 [90.8333 66.1667 33.3333 33.3333] Phoebe
26 [198.833 60.8333 40 40] Ross
28 [86.1667 74.1667 45.3333 45.3333] Phoebe
29 [84.1667 69.5 44 44] Phoebe
31 [217.5 50.1667 38.6667 38.6667] Ross
31 [96.1667 78.8333 42.6667 42.6667] Phoebe
32 [121.5 76.1667 37.3333 37.3333] Phoebe
32 [202.833 50.1667 36 36] Ross
34 [146.833 100.833 64 64] Rachel
36 [127.5 55.5 36 36] Rachel
37 [160.833 75.5 41.3333 41.3333] Monica
38 [112.833 69.5 58.6667 58.6667] Phoebe
40 [140.167 54.8333 52 52] Chendler
44 [126.167 111.5 44 44] Monica
45 [136.833 105.5 40 40] Monica
46 [96.8333 69.5 53.3333 53.3333] Chendler
46 [153.5 97.5 41.3333 41.3333] Monica
48 [105.5 88.8333 56 56] Chendler
49 [118.833 72.1667 49.3333 49.3333] Chendler
51 [181.5 71.5 37.3333 37.3333] Monica
52 [194.167 74.8333 56 56] Monica
53 [62.8333 66.1667 26.6667 26.6667] Joey
54 [178.167 44.8333 30.6667 30.6667] Monica
55 [194.833 68.8333 40 40] Chendler
55 [78.1667 110.167 36 36] Monica
56 [138.833 91.5 45.3333 45.3333] Joey
57 [186.167 57.5 41.3333 41.3333] Chendler
57 [76.8333 91.5 41.3333 41.3333] Monica
59 [170.167 54.8333 20 20] Monica
60 [91.5 86.8333 36 36] Monica
61 [118.167 62.8333 56 56] Joey
62 [121.5 60.1667 54.6667 54.6667] Joey
64 [152.167 56.1667 58.6667 58.6667] Joey
65 [138.833 69.5 48 48] Joey
66 [179.5 52.8333 46.6667 46.6667] Chendler
66 [66.1667 95.5 41.3333 41.3333] Monica
67 [65.5 93.5 37.3333 37.3333] Monica
67 [193.5 54.1667 38.6667 38.6667] Chendler
68 [96.8333 65.5 38.6667 38.6667] Joey
70 [185.5 56.8333 52 52] Chendler
71 [142.833 66.8333 56 56] Joey
74 [182.167 64.8333 60 60] Phoebe
76 [192.167 48.8333 48 48] Monica
77 [160.167 80.1667 62.6667 62.6667] Phoebe
79 [121.5 72.1667 62.6667 62.6667] Monica
80 [175.5 73.5 46.6667 46.6667] Ross
81 [174.167 70.8333 50.6667 50.6667] Ross
83 [127.5 74.1667 52 52] Phoebe
85 [124.833 73.5 45.3333 45.3333] Phoebe
86 [112.167 68.1667 18.6667 18.6667] Monica
87 [120.167 60.8333 18.6667 18.6667] Monica
88 [120.167 71.5 53.3333 53.3333] Phoebe
89 [124.833 89.5 52 52] Phoebe
90 [183.5 76.8333 44 44] Ross
91 [159.5 74.1667 49.3333 49.3333] Ross
92 [160.167 68.8333 45.3333 45.3333] Phoebe
93 [168.167 76.8333 62.6667 62.6667] Phoebe
94 [158.833 85.5 52 52] Ross
95 [183.5 73.5 50.6667 50.6667] Ross
96 [191.5 81.5 52 52] Ross
97 [158.833 84.1667 58.6667 58.6667] Phoebe
98 [154.833 76.1667 56 56] Phoebe
99 [148.167 65.5 52 52] Phoebe
100 [123.5 80.1667 45.3333 45.3333] Phoebe
105 [180.167 66.8333 45.3333 45.3333] Ross
107 [138.833 68.1667 45.3333 45.3333] Chendler
108 [167.5 67.5 48 48] Monica
109 [113.5 68.8333 50.6667 50.6667] Chendler
110 [172.167 65.5 45.3333 45.3333] Monica
113 [125.5 56.1667 38.6667 38.6667] Rachel
114 [99.5 55.5 44 44] Chendler
115 [125.5 55.5 32 32] Rachel
116 [93.5 57.5 45.3333 45.3333] Chendler
116 [204.833 90.8333 37.3333 37.3333] Monica
117 [138.167 48.8333 41.3333 41.3333] Rachel
118 [158.833 60.8333 45.3333 45.3333] Rachel
119 [143.5 66.8333 54.6667 54.6667] Rachel
120 [102.167 53.5 44 44] Chendler
120 [210.167 94.8333 38.6667 38.6667] Monica
121 [143.5 60.8333 30.6667 30.6667] Rachel
124 [180.167 70.1667 52 52] Monica
126 [187.5 71.5 54.6667 54.6667] Monica
127 [168.167 59.5 44 44] Chendler
130 [142.833 62.1667 44 44] Monica
131 [211.5 54.1667 33.3333 33.3333] Rachel
131 [78.1667 71.5 42.6667 42.6667] Monica
132 [76.8333 74.1667 34.6667 34.6667] Monica
132 [216.833 56.8333 40 40] Rachel
133 [145.5 74.8333 45.3333 45.3333] Chendler
138 [155.5 83.5 65.3333 65.3333] Ross
140 [122.833 74.1667 61.3333 61.3333] Ross
143 [154.833 68.8333 60 60] Phoebe
147 [132.833 56.1667 50.6667 50.6667] Phoebe
149 [147.5 89.5 61.3333 61.3333] Ross
153 [138.833 93.5 45.3333 45.3333] Ross
156 [226.167 78.1667 58.6667 58.6667] Ross
158 [214.167 74.1667 44 44] Ross
161 [148.833 60.1667 62.6667 62.6667] Phoebe
163 [177.5 70.8333 38.6667 38.6667] Ross
165 [108.833 54.1667 45.3333 45.3333] Ross
170 [151.5 74.8333 46.6667 46.6667] Monica
171 [144.167 71.5 53.3333 53.3333] Chendler
172 [151.5 62.1667 53.3333 53.3333] Chendler
173 [169.5 52.1667 54.6667 54.6667] Chendler
174 [142.833 88.8333 53.3333 53.3333] Chendler
176 [192.167 76.8333 41.3333 41.3333] Chendler
177 [138.167 76.1667 41.3333 41.3333] Monica
178 [82.8333 74.1667 18.6667 18.6667] Monica
180 [188.167 124.833 13.3333 13.3333] Rachel
181 [122.833 86.1667 49.3333 49.3333] Monica
182 [163.5 74.1667 48 48] Rachel
185 [184.167 71.5 52 52] Rachel
187 [153.5 74.1667 49.3333 49.3333] Monica
190 [173.5 79.5 69.3333 69.3333] Rachel
192 [220.833 73.5 32 32] Rachel
193 [219.5 66.1667 37.3333 37.3333] Rachel
194 [113.5 84.8333 64 64] Monica
196 [142.167 79.5 62.6667 62.6667] Rachel
199 [191.5 70.8333 40 40] Joey
200 [166.167 65.5 45.3333 45.3333] Joey
Session: 2
2 [182.833 38.1667 13.3333 13.3333] Ross
3 [168.833 62.1667 53.3333 53.3333] Ross
7 [183.5 62.8333 49.3333 49.3333] Ross
8 [104.833 76.8333 54.6667 54.6667] Phoebe
9 [168.167 72.8333 54.6667 54.6667] Ross
14 [139.5 88.8333 45.3333 45.3333] Phoebe
15 [92.8333 71.5 46.6667 46.6667] Rachel
18 [182.833 60.1667 42.6667 42.6667] Ross
20 [188.833 56.1667 44 44] Ross
21 [102.833 64.8333 42.6667 42.6667] Phoebe
22 [168.167 62.1667 34.6667 34.6667] Ross
23 [99.5 66.1667 44 44] Phoebe
25 [93.5 66.1667 42.6667 42.6667] Phoebe
26 [200.833 61.5 38.6667 38.6667] Ross
28 [84.8333 75.5 41.3333 41.3333] Phoebe
29 [83.5 69.5 37.3333 37.3333] Phoebe
30 [137.5 65.5 45.3333 45.3333] Rachel
31 [216.833 53.5 38.6667 38.6667] Ross
31 [96.8333 80.1667 34.6667 34.6667] Phoebe
32 [200.833 53.5 37.3333 37.3333] Ross
32 [120.833 78.1667 33.3333 33.3333] Phoebe
34 [148.833 99.5 53.3333 53.3333] Rachel
36 [128.833 58.1667 32 32] Rachel
37 [161.5 76.8333 40 40] Monica
38 [109.5 68.8333 50.6667 50.6667] Phoebe
44 [126.167 114.167 41.3333 41.3333] Monica
45 [134.833 106.167 42.6667 42.6667] Monica
45 [97.5 72.1667 44 44] Chendler
46 [96.8333 68.8333 46.6667 46.6667] Chendler
48 [107.5 88.8333 49.3333 49.3333] Chendler
49 [120.833 75.5 53.3333 53.3333] Chendler
51 [180.167 75.5 61.3333 61.3333] Monica
52 [193.5 79.5 46.6667 46.6667] Monica
53 [61.5 65.5 17.3333 17.3333] Joey
54 [176.833 46.1667 16 16] Monica
55 [194.833 68.8333 40 40] Chendler
56 [140.833 88.8333 50.6667 50.6667] Joey
57 [185.5 57.5 36 36] Chendler
57 [75.5 92.8333 37.3333 37.3333] Monica
59 [170.167 54.8333 17.3333 17.3333] Monica
60 [92.8333 87.5 33.3333 33.3333] Monica
61 [118.833 62.8333 46.6667 46.6667] Joey
62 [120.167 60.1667 42.6667 42.6667] Joey
64 [152.167 55.5 49.3333 49.3333] Joey
65 [140.167 68.8333 48 48] Joey
66 [177.5 52.1667 40 40] Chendler
66 [67.5 96.1667 32 32] Monica
67 [66.1667 92.1667 38.6667 38.6667] Monica
67 [195.5 54.8333 41.3333 41.3333] Chendler
68 [95.5 66.1667 40 40] Joey
68 [242.833 106.167 48 48] Monica
69 [120.167 72.8333 52 52] Joey
70 [186.167 57.5 38.6667 38.6667] Chendler
71 [142.167 68.1667 50.6667 50.6667] Joey
74 [184.833 66.8333 56 56] Phoebe
76 [190.833 50.8333 46.6667 46.6667] Monica
77 [161.5 82.8333 60 60] Phoebe
79 [119.5 82.1667 45.3333 45.3333] Monica
80 [174.833 71.5 57.3333 57.3333] Ross
81 [175.5 72.1667 45.3333 45.3333] Ross
83 [127.5 73.5 56 56] Phoebe
85 [125.5 74.1667 45.3333 45.3333] Phoebe
86 [112.167 68.1667 21.3333 21.3333] Monica
87 [120.167 60.8333 22.6667 22.6667] Monica
88 [120.833 74.1667 57.3333 57.3333] Phoebe
89 [122.833 91.5 50.6667 50.6667] Phoebe
90 [182.167 77.5 41.3333 41.3333] Ross
91 [160.167 74.8333 49.3333 49.3333] Ross
92 [167.5 63.5 60 60] Phoebe
93 [168.833 75.5 58.6667 58.6667] Phoebe
94 [158.833 84.8333 52 52] Ross
95 [182.167 74.1667 33.3333 33.3333] Ross
96 [190.833 80.8333 46.6667 46.6667] Ross
97 [162.833 87.5 66.6667 66.6667] Phoebe
98 [154.833 78.8333 48 48] Phoebe
99 [151.5 66.8333 52 52] Phoebe
100 [126.167 84.1667 57.3333 57.3333] Phoebe
105 [183.5 72.1667 42.6667 42.6667] Ross
107 [140.167 72.8333 38.6667 38.6667] Chendler
108 [166.167 72.1667 54.6667 54.6667] Monica
109 [113.5 70.8333 45.3333 45.3333] Chendler
110 [168.833 68.1667 52 52] Monica
113 [124.833 56.1667 25.3333 25.3333] Rachel
114 [99.5 54.8333 40 40] Chendler
114 [201.5 92.1667 38.6667 38.6667] Monica
115 [124.833 57.5 21.3333 21.3333] Rachel
116 [95.5 58.8333 36 36] Chendler
116 [206.167 94.8333 36 36] Monica
118 [158.167 62.8333 41.3333 41.3333] Rachel
119 [142.833 66.8333 65.3333 65.3333] Rachel
120 [101.5 53.5 42.6667 42.6667] Chendler
121 [141.5 63.5 34.6667 34.6667] Rachel
124 [181.5 71.5 54.6667 54.6667] Monica
126 [188.833 66.1667 56 56] Monica
130 [144.833 62.8333 48 48] Monica
131 [210.833 53.5 40 40] Rachel
132 [215.5 59.5 34.6667 34.6667] Rachel
132 [77.5 75.5 33.3333 33.3333] Monica
133 [145.5 74.1667 52 52] Chendler
140 [124.167 68.1667 56 56] Ross
147 [133.5 54.8333 50.6667 50.6667] Phoebe
149 [148.167 84.8333 61.3333 61.3333] Ross
153 [138.833 92.8333 45.3333 45.3333] Ross
156 [224.167 76.1667 50.6667 50.6667] Ross
158 [215.5 70.8333 45.3333 45.3333] Ross
160 [157.5 73.5 54.6667 54.6667] Phoebe
163 [178.167 74.8333 42.6667 42.6667] Ross
165 [107.5 53.5 48 48] Ross
170 [151.5 74.8333 42.6667 42.6667] Monica
171 [144.167 76.1667 50.6667 50.6667] Chendler
172 [150.167 60.8333 58.6667 58.6667] Chendler
173 [168.167 53.5 50.6667 50.6667] Chendler
174 [143.5 88.1667 44 44] Chendler
176 [192.167 78.8333 44 44] Chendler
177 [136.167 77.5 45.3333 45.3333] Monica
178 [82.1667 74.8333 17.3333 17.3333] Monica
178 [192.833 45.5 21.3333 21.3333] Chendler
180 [188.167 122.833 18.6667 18.6667] Rachel
181 [124.167 86.8333 41.3333 41.3333] Monica
182 [165.5 74.8333 50.6667 50.6667] Rachel
185 [182.167 68.8333 76 76] Rachel
187 [154.167 76.1667 38.6667 38.6667] Monica
190 [175.5 79.5 60 60] Rachel
192 [220.833 72.1667 30.6667 30.6667] Rachel
193 [220.167 65.5 34.6667 34.6667] Rachel
194 [111.5 86.1667 58.6667 58.6667] Monica
196 [142.833 80.1667 54.6667 54.6667] Rachel
199 [193.5 70.8333 46.6667 46.6667] Joey
200 [164.833 64.8333 44 44] Joey
Session: 3
2 [182.167 38.1667 14.6667 14.6667] Ross
3 [168.167 66.8333 54.6667 54.6667] Ross
7 [182.167 71.5 48 4] Ross
8 [101.5 79.5 48 48] Phoebe
9 [164.833 80.8333 54.6667 54.6667] Ross
14 [139.5 93.5 42.6667 42.6667] Phoebe
18 [182.833 66.1667 45.3333 45.3333] Ross
20 [187.5 61.5 45.3333 45.3333] Ross
21 [105.5 68.8333 40 40] Phoebe
22 [170.167 64.8333 26.6667 26.6667] Ross
23 [99.5 72.1667 41.3333 41.3333] Phoebe
25 [92.1667 70.8333 33.3333 33.3333] Phoebe
26 [202.167 66.8333 42.6667 42.6667] Ross
28 [84.8333 79.5 38.6667 38.6667] Phoebe
29 [84.1667 69.5 45.3333 45.3333] Phoebe
30 [137.5 68.1667 38.6667 38.6667] Rachel
31 [215.5 57.5 34.6667 34.6667] Ross
31 [94.8333 84.8333 36 36] Phoebe
32 [120.167 84.8333 37.3333 37.3333] Phoebe
32 [200.167 56.8333 40 40] Ross
34 [148.167 103.5 54.6667 54.6667] Rachel
36 [130.833 56.8333 38.6667 38.6667] Rachel
37 [160.167 77.5 42.6667 42.6667] Monica
38 [109.5 72.8333 66.6667 66.6667] Phoebe
44 [128.167 116.167 48 48] Monica
45 [134.167 109.5 44 44] Monica
45 [100.167 72.8333 53.3333 53.3333] Chendler
46 [95.5 72.8333 53.3333 53.3333] Chendler
48 [108.833 89.5 48 48] Chendler
49 [122.167 78.8333 56 56] Chendler
51 [182.167 78.1667 61.3333 61.3333] Monica
52 [194.167 80.1667 56 56] Monica
53 [62.1667 66.8333 18.6667 18.6667] Joey
54 [176.167 46.1667 24 24] Monica
55 [196.167 67.5 37.3333 37.3333] Chendler
55 [78.8333 109.5 34.6667 34.6667] Monica
56 [140.167 90.8333 40 40] Joey
57 [185.5 57.5 38.6667 38.6667] Chendler
57 [77.5 94.1667 37.3333 37.3333] Monica
58 [132.167 86.1667 49.3333 49.3333] Monica
60 [92.8333 88.1667 32 32] Monica
61 [119.5 62.8333 49.3333 49.3333] Joey
62 [119.5 59.5 45.3333 45.3333] Joey
64 [150.167 54.1667 46.6667 46.6667] Joey
65 [140.833 68.8333 41.3333 41.3333] Joey
66 [180.167 50.1667 42.6667 42.6667] Chendler
66 [67.5 95.5 42.6667 42.6667] Monica
67 [62.1667 92.1667 46.6667 46.6667] Monica
68 [95.5 66.8333 50.6667 50.6667] Joey
68 [246.833 107.5 53.3333 53.3333] Monica
69 [122.167 72.8333 54.6667 54.6667] Joey
70 [184.833 56.8333 41.3333 41.3333] Chendler
71 [142.833 64.1667 50.6667 50.6667] Joey
74 [184.167 69.5 61.3333 61.3333] Phoebe
76 [192.833 52.8333 48 48] Monica
77 [160.833 80.1667 64 64] Phoebe
79 [124.167 82.1667 66.6667 66.6667] Monica
80 [176.167 72.8333 48 48] Ross
81 [175.5 73.5 40 40] Ross
82 [110.167 123.5 41.3333 41.3333] Monica
83 [131.5 78.1667 52 52] Phoebe
85 [126.833 79.5 41.3333 41.3333] Phoebe
87 [120.167 62.1667 22.6667 22.6667] Monica
88 [122.167 78.8333 62.6667 62.6667] Phoebe
89 [122.167 93.5 54.6667 54.6667] Phoebe
90 [183.5 83.5 41.3333 41.3333] Ross
91 [158.833 82.1667 56 56] Ross
92 [164.833 68.8333 58.6667 58.6667] Phoebe
93 [170.167 79.5 57.3333 57.3333] Phoebe
94 [158.833 88.8333 52 52] Ross
95 [181.5 76.1667 49.3333 49.3333] Ross
96 [192.167 78.8333 52 52] Ross
97 [160.167 84.8333 66.6667 66.6667] Phoebe
98 [155.5 79.5 62.6667 62.6667] Phoebe
99 [147.5 66.8333 46.6667 46.6667] Phoebe
100 [124.833 86.1667 42.6667 42.6667] Phoebe
104 [70.8333 74.8333 49.3333 49.3333] Phoebe
105 [181.5 70.8333 49.3333 49.3333] Ross
107 [140.833 71.5 37.3333 37.3333] Chendler
108 [167.5 71.5 58.6667 58.6667] Monica
109 [116.833 70.1667 52 52] Chendler
110 [168.833 67.5 58.6667 58.6667] Monica
113 [124.167 56.8333 38.6667 38.6667] Rachel
114 [98.1667 54.8333 48 48] Chendler
115 [128.833 58.1667 40 40] Rachel
116 [92.8333 60.1667 45.3333 45.3333] Chendler
116 [203.5 94.1667 38.6667 38.6667] Monica
117 [138.833 52.1667 45.3333 45.3333] Rachel
118 [156.833 66.8333 45.3333 45.3333] Rachel
119 [144.833 71.5 52 52] Rachel
120 [101.5 59.5 42.6667 42.6667] Chendler
120 [208.167 96.8333 38.6667 38.6667] Monica
121 [142.167 64.8333 49.3333 49.3333] Rachel
124 [180.167 74.1667 48 48] Monica
126 [185.5 68.1667 66.6667 66.6667] Monica
127 [166.167 58.8333 46.6667 46.6667] Chendler
131 [211.5 53.5 40 40] Rachel
131 [79.5 74.8333 40 40] Monica
132 [80.1667 75.5 46.6667 46.6667] Monica
132 [212.833 58.1667 22.6667 22.6667] Rachel
133 [144.833 78.8333 53.3333 53.3333] Chendler
140 [122.167 72.8333 61.3333 61.3333] Ross
147 [134.167 56.8333 48 48] Phoebe
149 [145.5 87.5 60 60] Ross
153 [139.5 100.833 40 40] Ross
156 [224.167 76.8333 56 56] Ross
158 [213.5 75.5 26.6667 26.6667] Ross
160 [156.167 74.8333 53.3333 53.3333] Phoebe
161 [150.167 59.5 64 64] Phoebe
163 [176.167 74.1667 52 52] Ross
165 [107.5 56.8333 57.3333 57.3333] Rachel
170 [152.833 77.5 54.6667 54.6667] Monica
171 [142.167 74.8333 46.6667 46.6667] Chendler
172 [150.167 64.8333 53.3333 53.3333] Chendler
173 [169.5 56.1667 41.3333 41.3333] Chendler
174 [141.5 90.1667 44 44] Chendler
176 [192.833 77.5 36 36] Chendler
177 [139.5 78.8333 34.6667 34.6667] Monica
178 [81.5 73.5 20 20] Monica
180 [188.167 125.5 17.3333 17.3333] Rachel
181 [125.5 90.1667 40 40] Monica
182 [163.5 73.5 50.6667 50.6667] Rachel
185 [182.833 71.5 62.6667 62.6667] Rachel
190 [174.167 82.8333 68 68] Rachel
192 [222.167 71.5 29.3333 29.3333] Rachel
193 [220.167 66.1667 32 32] Rachel
194 [114.833 86.1667 52 52] Monica
196 [146.167 76.8333 65.3333 65.3333] Rachel
199 [192.167 72.8333 49.3333 49.3333] Joey
200 [166.833 66.1667 44 44] Joey
