video2.mat
Observer: Face detector
Session: 1
7 [191 84 51 51] unknow
7 [205 70 57 57] unknow
8 [174 64 49 49] unknow
8 [163 81 44 44] unknow
9 [165 79 45 45] unknow
11 [214 74 37 37] unknow
11 [136 144 34 34] unknow
12 [227 142 49 49] unknow
14 [244 95 69 69] unknow
15 [142 90 45 45] unknow
16 [113 73 35 35] unknow
16 [220 127 36 36] unknow
17 [120 78 37 37] unknow
17 [175 81 34 34] unknow
17 [240 131 45 45] unknow
18 [171 79 32 32] unknow
18 [234 129 41 41] unknow
18 [117 76 33 33] unknow
24 [159 104 58 58] unknow
25 [161 85 46 46] unknow
26 [161 106 57 57] unknow
26 [100 109 45 45] unknow
28 [144 71 38 38] unknow
28 [131 120 35 35] unknow
28 [96 166 41 41] unknow
29 [148 61 42 42] unknow
35 [173 105 74 74] unknow
39 [170 113 78 78] unknow
40 [142 78 43 43] unknow
43 [153 143 37 37] unknow
44 [172 101 55 55] unknow
45 [151 79 57 57] unknow
47 [179 98 52 52] unknow
48 [165 100 44 44] unknow
50 [112 158 36 36] unknow
51 [70 145 36 36] unknow
53 [193 94 52 52] unknow
53 [122 149 49 49] unknow
53 [188 148 49 49] unknow
54 [91 153 55 55] unknow
55 [204 113 42 42] unknow
66 [215 112 35 35] unknow
68 [176 87 48 48] unknow
69 [183 88 46 46] unknow
70 [127 80 46 46] unknow
71 [188 86 46 46] unknow
72 [200 64 42 42] unknow
72 [90 60 36 36] unknow
72 [136 184 88 88] unknow
73 [177 84 57 57] unknow
74 [176 87 60 60] unknow
75 [82 89 49 49] unknow
76 [143 113 35 35] unknow
76 [93 74 38 38] unknow
77 [95 75 38 38] unknow
77 [143 114 36 36] unknow
78 [144 110 37 37] unknow
79 [206 110 38 38] unknow
79 [139 83 44 44] unknow
80 [161 80 35 35] unknow
80 [243 124 50 50] unknow
80 [184 116 36 36] unknow
81 [107 71 34 34] unknow
81 [172 83 37 37] unknow
81 [190 118 37 37] unknow
81 [251 125 48 48] unknow
82 [74 69 34 34] unknow
82 [169 82 35 35] unknow
82 [187 117 36 36] unknow
82 [244 121 47 47] unknow
82 [220 104 92 92] unknow
82 [79 102 34 34] unknow
83 [74 71 35 35] unknow
83 [169 83 34 34] unknow
83 [241 120 45 45] unknow
83 [201 113 35 35] unknow
84 [169 81 32 32] unknow
84 [76 71 35 35] unknow
84 [251 113 44 44] unknow
85 [253 117 48 48] unknow
85 [170 83 35 35] unknow
85 [74 71 35 35] unknow
86 [206 110 34 34] unknow
86 [232 101 88 88] unknow
88 [210 86 34 34] unknow
88 [123 181 74 74] unknow
90 [225 121 69 69] unknow
94 [94 123 39 39] unknow
94 [168 82 35 35] unknow
95 [92 129 44 44] unknow
101 [143 95 52 52] unknow
104 [84 86 84 84] unknow
106 [133 69 34 34] unknow
106 [48 39 35 35] unknow
108 [248 64 33 33] unknow
109 [145 55 41 41] unknow
109 [239 66 34 34] unknow
110 [190 79 39 39] unknow
112 [133 90 55 55] unknow
116 [214 44 35 35] unknow
117 [74 45 34 34] unknow
117 [120 51 37 37] unknow
117 [230 96 39 39] unknow
118 [204 57 32 32] unknow
119 [159 74 40 40] unknow
120 [178 90 46 46] unknow
122 [141 186 34 34] unknow
124 [189 111 111 111] unknow
125 [196 100 35 35] unknow
125 [126 162 47 47] unknow
126 [191 94 35 35] unknow
126 [132 130 47 47] unknow
128 [198 89 37 37] unknow
129 [145 75 39 39] unknow
129 [70 105 36 36] unknow
129 [93 61 39 39] unknow
129 [227 89 39 39] unknow
130 [206 83 49 49] unknow
130 [95 124 43 43] unknow
131 [99 127 42 42] unknow
131 [197 91 49 49] unknow
132 [210 86 36 36] unknow
132 [102 61 42 42] unknow
133 [200 85 45 45] unknow
133 [92 129 41 41] unknow
135 [159 74 69 69] unknow
136 [89 122 40 40] unknow
136 [174 91 43 43] unknow
140 [158 89 50 50] unknow
141 [162 52 35 35] unknow
142 [171 90 43 43] unknow
143 [181 87 45 45] unknow
144 [113 86 50 50] unknow
145 [200 106 46 46] unknow
146 [140 92 50 50] unknow
148 [163 99 45 45] unknow
149 [160 96 60 60] unknow
150 [167 90 46 46] unknow
151 [168 92 52 52] unknow
154 [166 122 79 79] unknow
155 [181 81 50 50] unknow
156 [177 124 88 88] unknow
158 [157 94 59 59] unknow
161 [170 133 92 92] unknow
167 [169 90 48 48] unknow
171 [139 93 53 53] unknow
172 [157 100 69 69] unknow
173 [143 89 54 54] unknow
174 [206 86 46 46] unknow
175 [117 99 41 41] unknow
176 [157 86 48 48] unknow
178 [114 61 37 37] unknow
178 [169 90 41 41] unknow
179 [108 65 37 37] unknow
180 [193 75 45 45] unknow
181 [161 90 48 48] unknow
182 [198 102 58 58] unknow
183 [195 77 47 47] unknow
184 [181 106 51 51] unknow
185 [124 97 52 52] unknow
189 [142 71 34 34] unknow
189 [95 82 35 35] unknow
190 [108 91 39 39] unknow
191 [115 91 55 55] unknow
192 [99 84 54 54] unknow
194 [119 90 40 40] unknow
195 [220 99 37 37] unknow
196 [64 154 35 35] unknow
196 [149 91 59 59] unknow
197 [146 93 57 57] unknow
198 [184 129 80 80] unknow
199 [170 141 76 76] unknow
200 [186 90 39 39] unknow
Session: 2
7 [191 84 51 51] unknow
7 [205 70 57 57] unknow
8 [174 64 49 49] unknow
8 [163 81 44 44] unknow
9 [165 79 45 45] unknow
11 [214 74 37 37] unknow
11 [136 144 34 34] unknow
12 [227 142 49 49] unknow
14 [244 95 69 69] unknow
15 [142 90 45 45] unknow
16 [113 73 35 35] unknow
16 [220 127 36 36] unknow
17 [120 78 37 37] unknow
17 [240 131 45 45] unknow
17 [175 81 34 34] unknow
18 [171 79 32 32] unknow
18 [234 129 41 41] unknow
18 [117 76 33 33] unknow
24 [159 104 58 58] unknow
25 [161 85 46 46] unknow
26 [161 106 57 57] unknow
26 [100 109 45 45] unknow
28 [144 71 38 38] unknow
28 [131 120 35 35] unknow
28 [96 166 41 41] unknow
29 [148 61 42 42] unknow
35 [173 105 74 74] unknow
39 [170 113 78 78] unknow
40 [142 78 43 43] unknow
43 [153 143 37 37] unknow
44 [172 101 55 55] unknow
45 [151 79 57 57] unknow
47 [179 98 52 52] unknow
48 [165 100 44 44] unknow
50 [112 158 36 36] unknow
51 [70 145 36 36] unknow
53 [193 94 52 52] unknow
53 [122 149 49 49] unknow
53 [188 148 49 49] unknow
54 [91 153 55 55] unknow
55 [204 113 42 42] unknow
66 [215 112 35 35] unknow
68 [176 87 48 48] unknow
69 [183 88 46 46] unknow
70 [127 80 46 46] unknow
71 [188 86 46 46] unknow
72 [200 64 42 42] unknow
72 [90 60 36 36] unknow
72 [136 184 88 88] unknow
73 [177 84 57 57] unknow
74 [176 87 60 60] unknow
75 [82 89 49 49] unknow
76 [93 74 38 38] unknow
76 [143 113 35 35] unknow
77 [143 114 36 36] unknow
77 [95 75 38 38] unknow
78 [144 110 37 37] unknow
79 [206 110 38 38] unknow
79 [139 83 44 44] unknow
80 [161 80 35 35] unknow
80 [184 116 36 36] unknow
80 [243 124 50 50] unknow
81 [172 83 37 37] unknow
81 [190 118 37 37] unknow
81 [251 125 48 48] unknow
81 [107 71 34 34] unknow
82 [169 82 35 35] unknow
82 [244 121 47 47] unknow
82 [187 117 36 36] unknow
82 [220 104 92 92] unknow
82 [74 69 34 34] unknow
82 [79 102 34 34] unknow
83 [74 71 35 35] unknow
83 [169 83 34 34] unknow
83 [201 113 35 35] unknow
83 [241 120 45 45] unknow
84 [76 71 35 35] unknow
84 [251 113 44 44] unknow
84 [169 81 32 32] unknow
85 [74 71 35 35] unknow
85 [253 117 48 48] unknow
85 [170 83 35 35] unknow
86 [206 110 34 34] unknow
86 [232 101 88 88] unknow
88 [123 181 74 74] unknow
88 [210 86 34 34] unknow
90 [225 121 69 69] unknow
94 [94 123 39 39] unknow
94 [168 82 35 35] unknow
95 [92 129 44 44] unknow
101 [143 95 52 52] unknow
104 [84 86 84 84] unknow
106 [48 39 35 35] unknow
106 [133 69 34 34] unknow
108 [248 64 33 33] unknow
109 [239 66 34 34] unknow
109 [145 55 41 41] unknow
110 [190 79 39 39] unknow
112 [133 90 55 55] unknow
116 [214 44 35 35] unknow
117 [74 45 34 34] unknow
117 [120 51 37 37] unknow
117 [230 96 39 39] unknow
118 [204 57 32 32] unknow
119 [159 74 40 40] unknow
120 [178 90 46 46] unknow
122 [141 186 34 34] unknow
124 [189 111 111 111] unknow
125 [196 100 35 35] unknow
125 [126 162 47 47] unknow
126 [191 94 35 35] unknow
126 [132 130 47 47] unknow
128 [198 89 37 37] unknow
129 [70 105 36 36] unknow
129 [145 75 39 39] unknow
129 [93 61 39 39] unknow
129 [227 89 39 39] unknow
130 [206 83 49 49] unknow
130 [95 124 43 43] unknow
131 [99 127 42 42] unknow
131 [197 91 49 49] unknow
132 [102 61 42 42] unknow
132 [210 86 36 36] unknow
133 [92 129 41 41] unknow
133 [200 85 45 45] unknow
135 [159 74 69 69] unknow
136 [174 91 43 43] unknow
136 [89 122 40 40] unknow
140 [158 89 50 50] unknow
141 [162 52 35 35] unknow
142 [171 90 43 43] unknow
143 [181 87 45 45] unknow
144 [113 86 50 50] unknow
145 [200 106 46 46] unknow
146 [140 92 50 50] unknow
148 [163 99 45 45] unknow
149 [160 96 60 60] unknow
150 [167 90 46 46] unknow
151 [168 92 52 52] unknow
154 [166 122 79 79] unknow
155 [181 81 50 50] unknow
156 [177 124 88 88] unknow
158 [157 94 59 59] unknow
161 [170 133 92 92] unknow
167 [169 90 48 48] unknow
171 [139 93 53 53] unknow
172 [157 100 69 69] unknow
173 [143 89 54 54] unknow
174 [206 86 46 46] unknow
175 [117 99 41 41] unknow
176 [157 86 48 48] unknow
178 [114 61 37 37] unknow
178 [169 90 41 41] unknow
179 [108 65 37 37] unknow
180 [193 75 45 45] unknow
181 [161 90 48 48] unknow
182 [198 102 58 58] unknow
183 [195 77 47 47] unknow
184 [181 106 51 51] unknow
185 [124 97 52 52] unknow
189 [142 71 34 34] unknow
189 [95 82 35 35] unknow
190 [108 91 39 39] unknow
191 [115 91 55 55] unknow
192 [99 84 54 54] unknow
194 [119 90 40 40] unknow
195 [220 99 37 37] unknow
196 [64 154 35 35] unknow
196 [149 91 59 59] unknow
197 [146 93 57 57] unknow
198 [184 129 80 80] unknow
199 [170 141 76 76] unknow
200 [186 90 39 39] unknow
Session: 3
7 [205 70 57 57] unknow
7 [191 84 51 51] unknow
8 [163 81 44 44] unknow
8 [174 64 49 49] unknow
9 [165 79 45 45] unknow
11 [214 74 37 37] unknow
11 [136 144 34 34] unknow
12 [227 142 49 49] unknow
14 [244 95 69 69] unknow
15 [142 90 45 45] unknow
16 [113 73 35 35] unknow
16 [220 127 36 36] unknow
17 [120 78 37 37] unknow
17 [240 131 45 45] unknow
17 [175 81 34 34] unknow
18 [171 79 32 32] unknow
18 [117 76 33 33] unknow
18 [234 129 41 41] unknow
24 [159 104 58 58] unknow
25 [161 85 46 46] unknow
26 [100 109 45 45] unknow
26 [161 106 57 57] unknow
28 [131 120 35 35] unknow
28 [96 166 41 41] unknow
28 [144 71 38 38] unknow
29 [148 61 42 42] unknow
35 [173 105 74 74] unknow
39 [170 113 78 78] unknow
40 [142 78 43 43] unknow
43 [153 143 37 37] unknow
44 [172 101 55 55] unknow
45 [151 79 57 57] unknow
47 [179 98 52 52] unknow
48 [165 100 44 44] unknow
50 [112 158 36 36] unknow
51 [70 145 36 36] unknow
53 [188 148 49 49] unknow
53 [193 94 52 52] unknow
53 [122 149 49 49] unknow
54 [91 153 55 55] unknow
55 [204 113 42 42] unknow
66 [215 112 35 35] unknow
68 [176 87 48 48] unknow
69 [183 88 46 46] unknow
70 [127 80 46 46] unknow
71 [188 86 46 46] unknow
72 [200 64 42 42] unknow
72 [90 60 36 36] unknow
72 [136 184 88 88] unknow
73 [177 84 57 57] unknow
74 [176 87 60 60] unknow
75 [82 89 49 49] unknow
76 [93 74 38 38] unknow
76 [143 113 35 35] unknow
77 [95 75 38 38] unknow
77 [143 114 36 36] unknow
78 [144 110 37 37] unknow
79 [206 110 38 38] unknow
79 [139 83 44 44] unknow
80 [161 80 35 35] unknow
80 [184 116 36 36] unknow
80 [243 124 50 50] unknow
81 [107 71 34 34] unknow
81 [172 83 37 37] unknow
81 [251 125 48 48] unknow
81 [190 118 37 37] unknow
82 [169 82 35 35] unknow
82 [79 102 34 34] unknow
82 [244 121 47 47] unknow
82 [220 104 92 92] unknow
82 [74 69 34 34] unknow
82 [187 117 36 36] unknow
83 [74 71 35 35] unknow
83 [201 113 35 35] unknow
83 [169 83 34 34] unknow
83 [241 120 45 45] unknow
84 [76 71 35 35] unknow
84 [251 113 44 44] unknow
84 [169 81 32 32] unknow
85 [74 71 35 35] unknow
85 [170 83 35 35] unknow
85 [253 117 48 48] unknow
86 [206 110 34 34] unknow
86 [232 101 88 88] unknow
88 [210 86 34 34] unknow
88 [123 181 74 74] unknow
90 [225 121 69 69] unknow
94 [94 123 39 39] unknow
94 [168 82 35 35] unknow
95 [92 129 44 44] unknow
101 [143 95 52 52] unknow
104 [84 86 84 84] unknow
106 [133 69 34 34] unknow
106 [48 39 35 35] unknow
108 [248 64 33 33] unknow
109 [239 66 34 34] unknow
109 [145 55 41 41] unknow
110 [190 79 39 39] unknow
112 [133 90 55 55] unknow
116 [214 44 35 35] unknow
117 [120 51 37 37] unknow
117 [230 96 39 39] unknow
117 [74 45 34 34] unknow
118 [204 57 32 32] unknow
119 [159 74 40 40] unknow
120 [178 90 46 46] unknow
122 [141 186 34 34] unknow
124 [189 111 111 111] unknow
125 [196 100 35 35] unknow
125 [126 162 47 47] unknow
126 [191 94 35 35] unknow
126 [132 130 47 47] unknow
128 [198 89 37 37] unknow
129 [145 75 39 39] unknow
129 [93 61 39 39] unknow
129 [227 89 39 39] unknow
129 [70 105 36 36] unknow
130 [206 83 49 49] unknow
130 [95 124 43 43] unknow
131 [99 127 42 42] unknow
131 [197 91 49 49] unknow
132 [210 86 36 36] unknow
132 [102 61 42 42] unknow
133 [92 129 41 41] unknow
133 [200 85 45 45] unknow
135 [159 74 69 69] unknow
136 [174 91 43 43] unknow
136 [89 122 40 40] unknow
140 [158 89 50 50] unknow
141 [162 52 35 35] unknow
142 [171 90 43 43] unknow
143 [181 87 45 45] unknow
144 [113 86 50 50] unknow
145 [200 106 46 46] unknow
146 [140 92 50 50] unknow
148 [163 99 45 45] unknow
149 [160 96 60 60] unknow
150 [167 90 46 46] unknow
151 [168 92 52 52] unknow
154 [166 122 79 79] unknow
155 [181 81 50 50] unknow
156 [177 124 88 88] unknow
158 [157 94 59 59] unknow
161 [170 133 92 92] unknow
167 [169 90 48 48] unknow
171 [139 93 53 53] unknow
172 [157 100 69 69] unknow
173 [143 89 54 54] unknow
174 [206 86 46 46] unknow
175 [117 99 41 41] unknow
176 [157 86 48 48] unknow
178 [114 61 37 37] unknow
178 [169 90 41 41] unknow
179 [108 65 37 37] unknow
180 [193 75 45 45] unknow
181 [161 90 48 48] unknow
182 [198 102 58 58] unknow
183 [195 77 47 47] unknow
184 [181 106 51 51] unknow
185 [124 97 52 52] unknow
189 [142 71 34 34] unknow
189 [95 82 35 35] unknow
190 [108 91 39 39] unknow
191 [115 91 55 55] unknow
192 [99 84 54 54] unknow
194 [119 90 40 40] unknow
195 [220 99 37 37] unknow
196 [64 154 35 35] unknow
196 [149 91 59 59] unknow
197 [146 93 57 57] unknow
198 [184 129 80 80] unknow
199 [170 141 76 76] unknow
200 [186 90 39 39] unknow
