video1.mat
Observer: Lluis
Session: 1
2 [178 31 11 16] ross
3 [156 31 34 66] ross
7 [161 29 40 77] ross
8 [7.200000e+001 42 4.400000e+001 56] fibi
9 [152 44 31 64] ross
14 [122 69 23 33] fibi
15 [8.800000e+001 46 19 53] rachel
17 [6.900000e+001 51 26 35] fibi
18 [177 40 21 43] ross
19 [8.200000e+001 51 3.000000e+001 42] fibi
20 [180 36 22 42] ross
21 [8.300000e+001 49 26 37] fibi
22 [151 45 31 35] ross
23 [7.600000e+001 52 31 33] fibi
25 [7.500000e+001 49 28 34] fibi
26 [182 42 27 41] ross
28 [6.700000e+001 55 25 36] fibi
29 [6.500000e+001 50 28 38] fibi
30 [128 42 25 44] rachel
31 [7.600000e+001 59 24 34] fibi
31 [205 31 25 38] ross
32 [112 54 17 43] fibi
32 [192 34 23 37] ross
34 [124 80 35 49] rachel
36 [117 38 24 40] rachel
37 [150 53 24 38] monica
38 [9.300000e+001 40 5.100000e+001 51] fibi
40 [1.090000e+002 36 3.800000e+001 40] chedler
41 [146 55 8 64] ross
44 [7.000000e+001 44 36 41] chedler
44 [116 90 32 40] monica
45 [7.000000e+001 52 39 40] chedler
45 [125 87 27 37] monica
46 [6.500000e+001 48 44 43] chedler
48 [9.200000e+001 54 3.000000e+001 61] chedler
49 [9.300000e+001 52 3.900000e+001 49] chedler
51 [174 43 20 60] monica
52 [179 46 34 56] monica
53 [4.900000e+001 55 20 21] joey
54 [166 29 13 26] monica
55 [6.700000e+001 88 26 35] monica
55 [174 45 39 41] chedler
56 [119 62 28 45] joey
57 [6.900000e+001 70 22 37] monica
57 [165 34 33 47] chedler
59 [165 46 13 13] monica
60 [8.400000e+001 69 21 31] monica
60 [154 36 28 35] chedler
61 [9.000000e+001 44 3.900000e+001 38] joey
62 [9.400000e+001 39 4.000000e+001 41] joey
64 [131 28 32 49] joey
65 [128 42 31 45] joey
66 [5.800000e+001 73 25 41] monica
66 [170 33 29 41] chedler
67 [5.800000e+001 74 25 32] monica
67 [188 35 20 40] chedler
68 [7.000000e+001 42 4.200000e+001 42] joey
68 [218 89 37 36] monica
69 [9.300000e+001 43 3.500000e+001 50] joey
70 [179 40 29 36] hedler
71 [116 41 41 48] joey
74 [153 44 42 47] fibi
76 [181 29 33 43] monica
77 [128 60 46 46] fibi
79 [9.300000e+001 47 4.800000e+001 52] monica
80 [162 43 38 59] ross
81 [156 46 42 57] ross
82 [9.000000e+001 95 4.100000e+001 40] monica
83 [1.000000e+002 52 4.400000e+001 49] fibi
84 [9.300000e+001 65 3.200000e+001 39] fibi
85 [1.010000e+002 49 4.700000e+001 55] fibi
86 [1.050000e+002 56 2.000000e+001 21] monica
87 [112 49 19 20] monica
88 [1.040000e+002 45 4.300000e+001 52] fibi
89 [1.020000e+002 62 4.600000e+001 56] fibi
90 [162 46 32 62] ross
91 [137 47 45 54] ross
92 [138 33 41 61] fibi
93 [137 47 46 59] fibi
94 [144 52 36 60] ross
95 [158 40 38 58] ross
96 [169 46 30 53] ross
97 [124 61 51 48] fibi
98 [125 47 47 53] fibi
99 [122 34 47 59] fibi
100 [9.700000e+001 59 4.600000e+001 49] fibi
101 [5.300000e+001 56 14 16] fibi
104 [6.200000e+001 48 31 46] fibi
104 [165 33 32 50] ross
105 [167 45 36 49] ross
107 [119 44 40 48] chedler
108 [150 45 38 43] monica
109 [8.900000e+001 42 3.100000e+001 44] chedler
110 [155 40 34 47] monica
113 [1.090000e+002 37 2.700000e+001 35] rachel
114 [8.800000e+001 35 3.000000e+001 42] chedler
114 [199 72 21 37] monica
115 [1.070000e+002 35 2.800000e+001 41] rachel
116 [8.200000e+001 35 3.000000e+001 41] chedler
116 [202 76 20 30] monica
117 [119 32 29 38] rachel
118 [135 41 37 46] rachel
119 [120 45 37 49] rachel
120 [9.000000e+001 34 3.200000e+001 41] chedler
120 [206 75 18 37] monica
121 [119 39 37 48] rachel
124 [172 45 36 48] monica
125 [8.800000e+001 39 2.800000e+001 53] rachel
126 [182 35 35 57] monica
127 [147 31 37 50] chedler
130 [121 36 28 46] monica
131 [5.800000e+001 52 27 36] monica
131 [199 30 25 46] rachel
132 [5.500000e+001 53 33 37] monica
132 [198 34 30 43] rachel
133 [128 48 40 54] chedler
134 [183 30 26 32] chedler
134 [6.100000e+001 62 18 25] monica
135 [121 39 23 32] rachel
136 [4.900000e+001 79 26 41] monica
138 [132 47 34 61] ross
140 [1.020000e+002 33 4.200000e+001 75] ross
141 [132 54 36 70] ross
143 [131 41 31 55] fibi
145 [131 51 28 45] fibi
146 [5.500000e+001 51 38 45] mulata1
146 [179 31 31 51] rubia1
147 [1.070000e+002 31 3.700000e+001 49] fibi
148 [218 35 21 31] castanya1
149 [119 50 32 63] ross
150 [143 43 42 59] castanya1
151 [7.900000e+001 72 22 39] fibi
152 [156 56 23 57] ross
153 [119 60 40 67] ross
154 [141 67 29 51] ross
156 [201 49 30 55] ross
157 [121 44 36 55] fibi
158 [194 42 35 60] ross
159 [144 53 36 67] ross
160 [126 47 39 52] fibi
161 [116 33 40 55] fibi
163 [165 44 32 54] ross
165 [9.600000e+001 33 3.200000e+001 52] ross
166 [6.100000e+001 50 36 56] rubia1
167 [6.400000e+001 54 37 53] rubia1
167 [204 42 31 57] castanya1
170 [128 46 32 52] monica
171 [126 45 41 47] chedler
172 [139 29 38 64] chedler
173 [160 22 32 52] chedler
174 [124 54 39 52] chedler
176 [179 50 30 47] chedler
177 [119 50 36 50] monica
178 [7.300000e+001 63 13 19] monica
180 [182 115 15 19] rachel
181 [1.040000e+002 61 4.300000e+001 42] monica
182 [144 45 41 53] rachel
183 [118 49 40 57] monica
184 [116 60 36 51] monica
185 [170 43 44 52] rachel
187 [123 48 38 44] monica
188 [9.000000e+001 56 3.100000e+001 40] monica
189 [8.800000e+001 72 3.700000e+001 36] monica
190 [155 38 44 69] rachel
191 [113 42 46 65] monica
192 [211 52 22 30] rachel
193 [210 46 24 32] rachel
194 [9.900000e+001 55 4.900000e+001 52] monica
195 [185 91 31 40] rachel
196 [131 44 40 59] rachel
199 [173 37 32 51] joey
200 [148 41 39 42] joey
Session: 2
2 [176 32 13 15] ross
3 [156 32 35 63] ross
7 [159 33 43 70] ross
8 [7.300000e+001 48 4.300000e+001 50] fibi
9 [149 40 42 66] ross
14 [115 63 32 42] fibi
15 [8.600000e+001 46 3.800000e+001 56] rachel
16 [9.600000e+001 52 2.500000e+001 42] fibi
17 [6.600000e+001 45 30 41] fibi
18 [175 37 30 49] ross
19 [8.300000e+001 52 2.800000e+001 42] fibi
20 [180 34 27 48] ross
21 [8.000000e+001 52 3.300000e+001 38] fibi
22 [148 41 36 43] ross
23 [7.700000e+001 50 29 38] fibi
25 [7.500000e+001 46 26 40] fibi
26 [177 43 33 41] ross
28 [6.500000e+001 57 27 39] fibi
29 [6.200000e+001 48 32 42] fibi
30 [128 43 33 43] rachel
31 [7.600000e+001 50 28 45] fibi
31 [205 31 31 45] ross
32 [1.060000e+002 54 3.000000e+001 45] fibi
32 [195 30 26 40] ross
34 [116 76 46 55] rachel
36 [115 34 32 41] rachel
37 [147 54 32 40] monica
38 [9.100000e+001 43 5.500000e+001 47] fibi
40 [113 39 35 39] chedler
44 [6.400000e+001 40 44 49] chedler
44 [116 91 34 37] monica
45 [6.600000e+001 55 41 37] chedler
45 [125 84 31 43] monica
46 [6.200000e+001 47 46 49] chedler
48 [8.700000e+001 51 4.000000e+001 56] chedler
49 [8.900000e+001 51 4.500000e+001 50] chedler
51 [168 44 39 60] monica
52 [180 43 34 60] monica
53 [5.000000e+001 52 20 25] joey
54 [164 24 19 32] monica
55 [6.400000e+001 90 34 35] monica
55 [174 47 40 40] chedler
56 [120 61 32 50] joey
57 [6.600000e+001 72 30 33] monica
57 [167 35 35 47] chedler
59 [163 44 17 18] monica
60 [8.100000e+001 68 3.100000e+001 36] monica
61 [8.800000e+001 41 4.300000e+001 46] joey
62 [9.600000e+001 38 3.700000e+001 48] joey
64 [127 24 38 59] joey
65 [127 40 32 49] joey
66 [5.600000e+001 73 31 37] monica
66 [165 31 33 42] chedler
67 [5.600000e+001 68 28 39] monica
67 [187 29 33 49] chedler
69 [9.400000e+001 41 3.700000e+001 49] joey
70 [174 32 31 48] chedler
71 [115 37 40 50] joey
74 [152 42 44 55] fibi
76 [181 29 35 47] monica
77 [122 53 51 49] fibi
79 [8.700000e+001 44 5.500000e+001 58] monica
80 [160 41 40 61] ross
81 [150 44 49 53] ross
83 [9.600000e+001 45 4.800000e+001 61] fibi
84 [9.000000e+001 58 3.400000e+001 48] fibi
85 [9.800000e+001 46 5.000000e+001 53] fibi
86 [1.050000e+002 56 1.900000e+001 20] monica
87 [114 53 16 17] monica
88 [1.010000e+002 46 4.900000e+001 59] fibi
89 [1.020000e+002 57 4.800000e+001 62] fibi
90 [158 44 43 70] ross
91 [141 50 42 58] ross
92 [139 36 42 60] fibi
93 [132 41 47 61] fibi
94 [140 52 42 58] ross
95 [157 46 45 56] ross
96 [170 46 36 59] ross
97 [124 52 48 62] fibi
98 [122 42 50 62] fibi
99 [126 40 44 58] fibi
100 [9.400000e+001 56 4.700000e+001 48] fibi
104 [6.200000e+001 45 30 46] fibi
104 [164 29 35 51] ross
105 [165 43 41 57] ross
107 [120 42 38 51] chedler
108 [153 40 37 47] monica
109 [8.700000e+001 49 3.600000e+001 37] chedler
110 [157 38 33 50] monica
113 [1.080000e+002 39 2.800000e+001 35] monica
114 [8.900000e+001 38 2.900000e+001 39] chedler
115 [1.060000e+002 39 3.000000e+001 38] monica
116 [8.200000e+001 38 2.900000e+001 37] chedler
116 [200 72 24 34] monica
117 [118 34 30 33] rachel
118 [137 41 38 50] rachel
119 [123 40 36 54] rachel
120 [8.900000e+001 34 3.300000e+001 42] chedler
120 [203 75 26 35] monica
121 [116 33 46 56] rachel
124 [170 43 43 57] monica
125 [9.300000e+001 44 2.400000e+001 47] rachel
126 [181 37 32 54] monica
127 [144 32 43 47] chedler
130 [116 33 33 51] monica
131 [5.700000e+001 52 25 33] monica
131 [200 29 28 49] rachel
132 [200 31 27 43] rachel
132 [6.100000e+001 54 25 34] monica
133 [129 47 42 55] chedler
134 [179 27 30 33] chedler
135 [120 39 26 32] rachel
138 [132 48 31 63] ross
139 [3.900000e+001 53 25 35] mulata1
139 [1.040000e+002 43 2.600000e+001 33] rubia1
139 [204 33 24 29] castanya1
140 [1.040000e+002 38 4.800000e+001 66] ross
141 [127 48 40 78] ross
143 [130 38 33 54] fibi
144 [4.800000e+001 47 44 51] mulata1
144 [166 38 37 50] rubia1
146 [6.100000e+001 55 35 43] mulata1
146 [174 30 48 54] rubia1
147 [1.040000e+002 32 4.100000e+001 46] fibi
148 [218 36 21 34] castanya1
149 [114 53 42 61] ross
150 [139 40 50 66] castanya1
153 [120 63 32 55] ross
154 [143 68 35 57] ross
156 [199 52 39 54] ross
158 [194 43 37 58] ross
160 [128 42 37 61] fibi
161 [116 37 41 51] fibi
162 [218 49 28 32] castanya1
163 [160 47 39 49] ross
165 [9.100000e+001 36 3.900000e+001 47] ross
166 [5.700000e+001 55 42 48] rubia1
167 [6.100000e+001 60 41 48] rubia1
167 [202 48 40 49] castanya1
170 [129 48 33 49] monica
171 [122 48 47 46] chedler
172 [138 30 41 62] chedler
173 [157 23 41 50] chedler
174 [125 58 40 51] chedler
176 [182 55 28 39] chedler
177 [118 52 37 43] monica
178 [6.900000e+001 64 18 17] monica
178 [177 32 21 27] chedler
180 [181 110 19 23] rachel
181 [1.070000e+002 59 3.800000e+001 45] monica
182 [140 43 55 58] rachel
183 [125 53 33 54] monica
184 [121 57 34 62] monica
185 [169 39 41 53] rachel
187 [126 48 35 47] monica
188 [9.400000e+001 59 2.800000e+001 33] monica
189 [9.700000e+001 73 3.000000e+001 34] monica+
190 [153 42 45 65] rachel
192 [206 50 27 31] rachel
193 [213 51 22 29] rachel
194 [9.900000e+001 53 4.800000e+001 49] monica
195 [187 89 24 40] rachel
196 [131 53 43 52] rachel
199 [172 42 33 50] joey
200 [148 41 41 43] joey
Session: 3
2 [178 31 11 16] 
2 [189 50 0 0] ss
3 [151 37 42 61] ross
7 [157 37 44 61] ross
8 [7.500000e+001 52 4.000000e+001 49] fibi
9 [149 47 46 60] ross
14 [119 71 30 32] fibi
15 [8.400000e+001 52 4.000000e+001 46] rachel
17 [6.800000e+001 44 29 47] fibi
18 [176 42 29 43] ross
19 [7.400000e+001 48 4.000000e+001 43] fibi
20 [175 34 35 44] ross
21 [8.200000e+001 49 27 39] fibi
22 [151 41 32 48] ross
23 [7.500000e+001 49 3.600000e+001 43] fibi
25 [7.200000e+001 44 31 45] fibi
26 [181 39 33 51] ross
28 [6.200000e+001 52 31 45] fibi
29 [6.200000e+001 46 33 45] fibi
30 [125 39 39 44] rachel
31 [7.500000e+001 54 32 44] fibi
31 [204 34 29 38] ross
32 [1.080000e+002 54 3.100000e+001 44] fibi
32 [190 29 30 47] ross
34 [119 73 43 59] rachel
36 [117 32 31 47] rachel
37 [150 49 32 43] monica
38 [9.100000e+001 38 5.900000e+001 56] fibi
40 [1.100000e+002 35 3.800000e+001 43] chedler
41 [139 58 33 73] ross
44 [7.200000e+001 46 3.900000e+001 43] chedler
44 [118 93 30 40] monica
45 [123 87 36 39] monica
45 [7.100000e+001 48 34 45] chedler
46 [6.400000e+001 46 4.800000e+001 45] chedler
48 [9.800000e+001 57 3.100000e+001 53] chedler
49 [9.800000e+001 51 3.500000e+001 54] chedler
51 [171 45 31 60] monica
52 [177 48 41 57] monica
53 [4.900000e+001 54 25 24] joey
54 [167 25 20 35] monica
55 [177 47 32 42] chedler
55 [7.300000e+001 83 26 44] monica
56 [118 63 35 48] joey
57 [166 38 37 44] chedler
57 [6.900000e+001 71 26 39] monica
60 [8.300000e+001 67 25 32] monica
61 [8.900000e+001 41 4.100000e+001 47] joey
62 [9.400000e+001 40 4.200000e+001 44] joey
64 [127 30 42 52] joey
65 [126 44 37 44] joey
66 [5.600000e+001 74 29 42] monica
66 [167 33 31 45] chedler
67 [5.600000e+001 69 27 38] monica
67 [186 33 31 39] chedler
68 [6.900000e+001 42 4.400000e+001 48] joey
68 [217 81 39 47] monica
69 [9.000000e+001 39 3.800000e+001 57] joey
70 [175 33 35 41] chedler
71 [114 41 43 54] joey
74 [150 43 46 54] fibi
76 [179 28 36 40] monica
77 [120 52 55 50] fibi
79 [8.900000e+001 46 5.400000e+001 56] monica
80 [159 44 47 57] ross
81 [151 44 45 56] ross
83 [9.600000e+001 47 4.700000e+001 55] fibi
84 [9.100000e+001 64 3.400000e+001 40] fibi
85 [9.700000e+001 44 5.200000e+001 65] fibi
86 [1.030000e+002 55 1.900000e+001 21] monica
87 [112 49 17 24] monica
88 [9.900000e+001 52 5.000000e+001 45] fibi
89 [9.500000e+001 64 4.900000e+001 50] fibi
90 [161 46 42 64] ross
91 [138 51 43 55] ross
92 [138 35 49 63] fibi
93 [135 46 45 62] fibi
94 [143 51 42 63] ross
95 [158 40 42 64] ross
96 [166 42 41 67] ross
97 [115 51 56 59] fibi
98 [126 42 42 65] fibi
99 [122 33 51 70] fibi
100 [8.300000e+001 52 6.500000e+001 55] fibi
104 [166 33 33 49] ross
105 [165 45 41 49] ross
107 [115 42 43 47] chedler
108 [149 41 43 49] monica
109 [8.700000e+001 43 3.300000e+001 44] chedler
110 [154 41 37 45] monica
113 [1.090000e+002 36 2.700000e+001 43] rachel
114 [9.000000e+001 33 3.000000e+001 39] chedler
115 [1.060000e+002 35 3.100000e+001 41] rachel
116 [8.300000e+001 31 3.600000e+001 42] chedler
116 [201 74 21 37] monica
117 [119 32 27 40] rachel
118 [133 39 42 54] rachel
119 [119 44 40 52] rachel
120 [8.700000e+001 30 4.100000e+001 45] chedler
120 [204 73 23 42] monica
121 [119 37 41 58] rachel
124 [170 44 38 48] monica
125 [7.600000e+001 40 4.400000e+001 50] rachel
126 [179 39 34 54] monica
127 [144 31 44 50] chedler
130 [118 35 35 51] monica
131 [202 26 29 58] rachel
132 [5.400000e+001 52 31 38] monica
132 [202 37 29 42] rachel
133 [127 49 46 51] chedler
134 [180 30 30 32] chedler
135 [119 45 28 26] rachel
138 [129 46 41 63] ross
139 [4.100000e+001 52 24 35] mulata1
139 [1.050000e+002 41 3.000000e+001 35] rubia1
139 [200 34 29 33] castanya1
140 [9.900000e+001 35 5.100000e+001 72] ross
141 [131 49 37 78] ross
143 [126 37 36 58] fibi
144 [5.000000e+001 51 43 53] mulata1
144 [170 37 41 54] rubia1
146 [5.700000e+001 54 38 46] mulata1
146 [176 35 35 40] rubia1
147 [1.060000e+002 32 3.600000e+001 52] fibi
148 [217 32 29 37] castanya1
149 [115 55 42 61] ross
150 [138 37 55 64] castanya1
151 [7.600000e+001 67 30 50] fibi
153 [118 64 39 57] ross
154 [135 60 40 63] ross
156 [199 48 36 57] ross
157 [121 49 40 52] fibi
158 [195 44 36 56] ross
160 [123 53 43 44] fibi
161 [117 31 40 58] fibi
162 [218 47 26 35] castanya1
163 [161 47 39 48] ross
165 [9.600000e+001 36 3.600000e+001 46] ross
166 [5.700000e+001 52 44 57] rubia1
167 [6.400000e+001 53 37 55] rubia1
167 [208 43 35 55] castanya1
170 [127 48 40 50] monica
171 [126 48 44 44] chedler
172 [137 34 44 52] chedler
173 [159 27 34 46] chedler
174 [120 57 46 51] chedler
176 [180 52 34 48] chedler
177 [112 47 43 46] monica
180 [179 110 21 23] rachel
181 [1.060000e+002 62 4.200000e+001 43] monica
182 [144 44 43 53] rachel
183 [115 55 46 57] monica
184 [120 58 35 52] monica
185 [167 41 48 63] rachel
187 [124 50 35 44] monica
188 [9.200000e+001 57 2.800000e+001 37] monica
189 [9.400000e+001 68 3.200000e+001 40] monica
190 [152 44 54 61] rachel
192 [210 54 26 29] 
192 [142 35 -3 -1] rachel
193 [213 46 25 32] rachel
194 [9.800000e+001 57 5.200000e+001 45] monica
195 [185 89 36 42] rachel
196 [132 50 38 52] rachel
199 [173 39 30 57] joey
200 [149 41 38 44] joey
