video2
Observer: Nadeem Hassan
Session: 1
3 [102.000000 50.000000 13.000000 21.000000] Chandler
4 [119.000000 48.000000 18.000000 42.000000] Monica
4 [120.000000 49.000000 16.000000 39.000000] Monica
5 [147.000000 38.000000 13.000000 42.000000] y
5 [145.000000 37.000000 15.000000 43.000000] Monica
7 [159.000000 37.000000 22.000000 49.000000] Phoebe
8 [131.000000 42.000000 24.000000 43.000000] Phoebe
9 [135.000000 39.000000 22.000000 40.000000] Phoebe
10 [153.000000 45.000000 12.000000 40.000000] Phoebe
11 [186.000000 37.000000 16.000000 36.000000] Chandler
12 [192.000000 95.000000 23.000000 53.000000] Monica
12 [214.000000 43.000000 9.000000 33.000000] Phoebe
15 [112.000000 48.000000 38.000000 44.000000] Chandler
16 [86.000000 37.000000 17.000000 34.000000] Chandler
16 [154.000000 51.000000 12.000000 31.000000] Phoebe
16 [202.000000 91.000000 11.000000 36.000000] Monica
22 [121.000000 36.000000 15.000000 44.000000] Phoebe
24 [110.000000 48.000000 30.000000 55.000000] Chandler
25 [126.000000 45.000000 16.000000 45.000000] Rachel
26 [124.000000 55.000000 20.000000 51.000000] Phoebe
28 [118.000000 32.000000 22.000000 38.000000] Chandler
28 [108.000000 86.000000 14.000000 38.000000] Monica
28 [94.000000 148.000000 0.000000 0.000000] k
28 [67.000000 131.000000 25.000000 37.000000] Phoebe
34 [121.000000 44.000000 25.000000 28.000000] Chandler
35 [115.000000 33.000000 43.000000 80.000000] Rachel
35 [205.000000 6.000000 44.000000 95.000000] Chandler
36 [135.000000 54.000000 13.000000 46.000000] Rachel
37 [143.000000 40.000000 31.000000 40.000000] Phoebe
38 [124.000000 44.000000 29.000000 39.000000] Joey
39 [108.000000 27.000000 41.000000 94.000000] Chandler
43 [152.000000 23.000000 23.000000 24.000000] Chandler
43 [146.000000 67.000000 17.000000 26.000000] Monica
43 [131.000000 107.000000 18.000000 37.000000] Phoebe
44 [119.000000 53.000000 31.000000 50.000000] Rachel
45 [100.000000 32.000000 28.000000 40.000000] Joey
46 [137.000000 55.000000 20.000000 46.000000] Rachel
47 [142.000000 45.000000 31.000000 58.000000] Monica
48 [141.000000 55.000000 20.000000 50.000000] y
48 [135.000000 59.000000 28.000000 46.000000] Rachel
50 [145.000000 30.000000 22.000000 31.000000] Chandler
50 [123.000000 89.000000 23.000000 22.000000] Monica
50 [90.000000 126.000000 15.000000 32.000000] Phoebe
51 [139.000000 64.000000 21.000000 45.000000] Chandler
51 [44.000000 109.000000 19.000000 38.000000] Monica
52 [175.000000 91.000000 15.000000 38.000000] Monica
53 [151.000000 40.000000 27.000000 56.000000] Phoebe
54 [168.000000 40.000000 4.000000 40.000000] Phoebe
54 [166.000000 38.000000 10.000000 45.000000] Phoebe
55 [176.000000 73.000000 18.000000 42.000000] Phoebe
55 [177.000000 68.000000 17.000000 52.000000] Monica
56 [217.000000 22.000000 7.000000 20.000000] Phoebe
56 [215.000000 24.000000 7.000000 16.000000] Monica
56 [146.000000 40.000000 8.000000 9.000000] Chandler
56 [217.000000 24.000000 3.000000 15.000000] Monica
57 [207.000000 49.000000 5.000000 28.000000] Monica
57 [31.000000 58.000000 20.000000 17.000000] Chandler
58 [49.000000 55.000000 16.000000 36.000000] Chandler
59 [144.000000 35.000000 16.000000 43.000000] Monica
60 [146.000000 39.000000 7.000000 39.000000] Monica
61 [43.000000 51.000000 11.000000 20.000000] Chandler
62 [104.000000 53.000000 18.000000 25.000000] Chandler
62 [55.000000 58.000000 10.000000 26.000000] Monica
63 [103.000000 83.000000 14.000000 29.000000] Black Chick
64 [122.000000 48.000000 25.000000 42.000000] Ross
65 [112.000000 50.000000 29.000000 42.000000] Ross
66 [54.000000 51.000000 11.000000 22.000000] Black Chick
67 [66.000000 43.000000 28.000000 32.000000] Black Chick
67 [162.000000 77.000000 26.000000 32.000000] Ross
68 [142.000000 41.000000 27.000000 48.000000] Ross
69 [148.000000 45.000000 29.000000 45.000000] Ross
70 [87.000000 39.000000 33.000000 44.000000] Black Chick
71 [152.000000 42.000000 28.000000 48.000000] Ross
72 [173.000000 23.000000 20.000000 40.000000] Ross
72 [65.000000 28.000000 26.000000 39.000000] Black Chick
73 [134.000000 35.000000 31.000000 61.000000] Ross
73 [62.000000 34.000000 22.000000 47.000000] 
73 [60.000000 33.000000 28.000000 48.000000] Black Chick
74 [134.000000 37.000000 33.000000 60.000000] Ross
75 [131.000000 43.000000 32.000000 62.000000] Ross
76 [61.000000 31.000000 25.000000 47.000000] Chandler
76 [119.000000 78.000000 18.000000 40.000000] Monica
76 [210.000000 79.000000 20.000000 47.000000] Phoebe
77 [63.000000 31.000000 25.000000 48.000000] Chandler
77 [125.000000 76.000000 1.000000 42.000000] Monica
79 [99.000000 38.000000 25.000000 44.000000] Chandler
79 [178.000000 70.000000 23.000000 44.000000] Monica
80 [135.000000 40.000000 19.000000 39.000000] Chandler
80 [159.000000 81.000000 20.000000 36.000000] Monica
80 [206.000000 67.000000 22.000000 64.000000] Phoebe
81 [78.000000 38.000000 20.000000 33.000000] Ross
81 [144.000000 43.000000 22.000000 37.000000] Chandler
81 [166.000000 79.000000 20.000000 39.000000] Monica
81 [217.000000 77.000000 19.000000 48.000000] Phoebe
86 [48.000000 41.000000 19.000000 30.000000] Ross
86 [153.000000 43.000000 17.000000 33.000000] Chandler
86 [180.000000 75.000000 18.000000 40.000000] Monica
88 [179.000000 48.000000 24.000000 36.000000] Chandler
88 [69.000000 36.000000 11.000000 38.000000] Ross
89 [156.000000 32.000000 11.000000 16.000000] Ross
89 [217.000000 32.000000 7.000000 17.000000] Chandler
90 [65.000000 41.000000 16.000000 26.000000] Ross
90 [171.000000 42.000000 15.000000 33.000000] Chandler
91 [162.000000 34.000000 9.000000 18.000000] Chandler
91 [177.000000 36.000000 6.000000 14.000000] Ross
94 [64.000000 83.000000 22.000000 40.000000] Monica
95 [116.000000 30.000000 12.000000 27.000000] Chandler
99 [41.000000 51.000000 8.000000 14.000000] Monica
100 [114.000000 30.000000 28.000000 46.000000] Joey
101 [107.000000 47.000000 32.000000 52.000000] Joey
102 [230.000000 44.000000 7.000000 16.000000] Chandler
106 [110.000000 40.000000 15.000000 33.000000] Rachel
110 [155.000000 43.000000 23.000000 36.000000] Ross
111 [114.000000 17.000000 10.000000 15.000000] Chandler
111 [60.000000 62.000000 7.000000 14.000000] Phoebe
111 [86.000000 41.000000 11.000000 14.000000] Monica
112 [99.000000 43.000000 24.000000 47.000000] Phoebe
113 [94.000000 6.000000 16.000000 25.000000] Monica
115 [148.000000 38.000000 13.000000 23.000000] Ross
118 [180.000000 29.000000 16.000000 29.000000] Ross
119 [131.000000 36.000000 21.000000 46.000000] Monica
120 [144.000000 41.000000 33.000000 58.000000] Ross
123 [127.000000 47.000000 12.000000 21.000000] Rachel
124 [163.000000 42.000000 10.000000 19.000000] Chandler
125 [89.000000 41.000000 25.000000 41.000000] Chandler
125 [173.000000 70.000000 17.000000 35.000000] Rachel
125 [90.000000 40.000000 24.000000 41.000000] Chandler
126 [90.000000 35.000000 21.000000 43.000000] Chandler
126 [168.000000 65.000000 16.000000 33.000000] Rachel
127 [96.000000 25.000000 17.000000 42.000000] Chandler
127 [186.000000 56.000000 11.000000 36.000000] Rachel
128 [171.000000 58.000000 18.000000 33.000000] Rachel
128 [86.000000 32.000000 20.000000 36.000000] Chandler
129 [44.000000 75.000000 20.000000 29.000000] Monica
129 [117.000000 36.000000 25.000000 38.000000] Chandler
129 [200.000000 56.000000 19.000000 33.000000] Phoebe
130 [67.000000 77.000000 19.000000 48.000000] Monica
130 [169.000000 37.000000 32.000000 47.000000] Chandler
131 [59.000000 87.000000 37.000000 47.000000] Monica
131 [165.000000 52.000000 29.000000 40.000000] Chandler
132 [62.000000 23.000000 32.000000 37.000000] Joey
132 [179.000000 52.000000 28.000000 30.000000] Rachel
133 [172.000000 39.000000 22.000000 48.000000] Chandler
133 [67.000000 88.000000 19.000000 45.000000] Monica
134 [23.000000 32.000000 9.000000 18.000000] Joey
134 [187.000000 28.000000 10.000000 17.000000] Chandler
136 [60.000000 82.000000 21.000000 42.000000] Monica
136 [145.000000 48.000000 26.000000 46.000000] Chandler
138 [115.000000 46.000000 13.000000 33.000000] Rachel
139 [65.000000 44.000000 11.000000 29.000000] Joey
140 [118.000000 31.000000 30.000000 67.000000] Joey
140 [121.000000 39.000000 22.000000 51.000000] 
140 [111.000000 33.000000 36.000000 61.000000] Joey
141 [187.000000 55.000000 10.000000 29.000000] Rachel
141 [80.000000 38.000000 7.000000 32.000000] Joey
142 [140.000000 47.000000 26.000000 52.000000] Rachel
143 [146.000000 43.000000 29.000000 52.000000] Rachel
144 [68.000000 39.000000 32.000000 49.000000] Joey
145 [166.000000 60.000000 31.000000 54.000000] Rachel
146 [92.000000 33.000000 33.000000 57.000000] Joey
147 [108.000000 50.000000 20.000000 43.000000] Joey
148 [129.000000 52.000000 28.000000 51.000000] Rachel
149 [106.000000 38.000000 34.000000 58.000000] Joey
150 [130.000000 46.000000 34.000000 60.000000] Rachel
150 [133.000000 51.000000 27.000000 55.000000] Rachel
151 [127.000000 47.000000 31.000000 54.000000] Rachel
152 [102.000000 45.000000 15.000000 32.000000] Joey
153 [111.000000 55.000000 4.000000 29.000000] Joey
154 [100.000000 50.000000 53.000000 88.000000] Ross
155 [141.000000 35.000000 33.000000 54.000000] Rachel
156 [109.000000 45.000000 52.000000 87.000000] Ross
157 [82.000000 40.000000 11.000000 27.000000] j
158 [101.000000 34.000000 41.000000 62.000000] Joey
159 [111.000000 52.000000 20.000000 35.000000] Joey
160 [45.000000 49.000000 45.000000 93.000000] Joey
160 [138.000000 37.000000 37.000000 105.000000] Ross
161 [96.000000 47.000000 52.000000 102.000000] Ross
162 [76.172131 22.926230 16.524590 27.540984] Joey
163 [82.833333 28.833333 14.000000 24.666667] Joey
167 [132.833333 38.833333 28.666667 55.333333] Chandler
168 [58.833333 49.500000 10.666667 19.333333] Ross
171 [99.500000 43.500000 35.333333 51.333333] Black Chick
173 [94.166667 38.833333 32.000000 46.666667] Ross
174 [167.500000 42.833333 24.000000 46.666667] Ross
175 [85.890374 58.510695 26.695187 45.176471] Monica
176 [122.852941 37.975936 29.775401 49.283422] Phoebe
178 [80.756684 21.548128 31.828877 40.042781] Chandler
179 [75.622995 22.574866 22.588235 41.069519] Chandler
180 [158.788770 34.895722 24.641711 44.149733] Ross
180 [50.981283 31.815508 24.641711 53.390374] Black Chick
181 [126.959893 44.136364 26.695187 47.229947] Monica
182 [152.628342 44.136364 35.935829 65.711230] Ross
183 [156.735294 32.842246 29.775401 46.203209] Ross
183 [68.435829 34.895722 22.588235 44.149733] Black Chick
184 [144.414439 59.537433 27.721925 41.069519] Monica
185 [91.024064 47.216578 26.695187 57.497326] Chandler
186 [162.895722 52.350267 7.187166 14.374332] Monica
186 [81.783422 41.056150 8.213904 13.347594] Chandler
186 [59.195187 40.029412 6.160428 13.347594] Ross
189 [109.505348 34.895722 24.641711 42.096257] Ross
189 [69.462567 49.270053 19.508021 32.855615] Chandler
189 [175.216578 46.189840 13.347594 39.016043] Joey
190 [75.622995 53.377005 30.802139 40.042781] Chandler
190 [120.799465 43.109626 15.401070 42.096257] Ross
190 [138.254011 58.510695 17.454545 40.042781] Joey
191 [71.516043 37.975936 23.614973 51.336898] Ross
191 [167.002674 46.189840 25.668449 51.336898] Joey
192 [49.954545 26.681818 35.935829 59.550802] Ross
192 [163.922460 46.189840 18.481283 50.310160] Joey
193 [67.409091 24.628342 30.802139 62.631016] Ross
194 [88.970588 54.403743 25.668449 39.016043] Chandler
195 [191.644385 63.644385 23.614973 34.909091] Monica
196 [103.344920 39.002674 36.962567 55.443850] Phoebe
197 [100.264706 36.949198 35.935829 64.684492] Phoebe
200 [156.735294 49.270053 24.641711 45.176471] Phoebe
Session: 2
3 [101.500000 49.500000 15.333333 22.666667] Chandler
4 [119.500000 47.500000 17.333333 39.333333] Monica
7 [160.833333 37.500000 21.333333 48.666667] Phoebe
9 [132.166667 39.500000 26.666667 44.000000] Phoebe
11 [178.166667 36.166667 26.666667 41.333333] Chandler
12 [188.833333 96.166667 28.000000 52.666667] Monica
12 [206.833333 44.166667 20.000000 32.000000] Phoebe
15 [108.166667 48.166667 42.666667 52.000000] Ross
16 [87.500000 38.166667 16.000000 33.333333] Chandler
16 [146.833333 51.500000 20.000000 32.666667] Phoebe
16 [198.833333 93.500000 15.333333 38.666667] Monica
17 [90.166667 40.833333 19.333333 34.666667] Chandler
17 [146.833333 46.166667 18.666667 38.000000] Phoebe
17 [206.833333 90.833333 16.000000 42.000000] Monica
18 [92.833333 41.500000 17.333333 34.000000] Chandler
18 [144.833333 50.166667 20.000000 34.000000] Phoebe
18 [204.166667 87.500000 16.000000 40.666667] Monica
19 [184.166667 42.166667 14.666667 27.333333] Chandler
20 [64.166667 42.833333 21.333333 51.333333] Monica
24 [104.833333 46.166667 36.000000 56.000000] Joey
25 [124.833333 44.166667 21.333333 44.000000] Rachel
26 [116.833333 59.500000 32.000000 46.666667] Phoebe
28 [116.833333 33.500000 23.333333 39.333333] Chandler
28 [107.500000 90.166667 16.000000 33.333333] Monica
28 [68.833333 134.166667 20.666667 36.666667] Phoebe
29 [114.166667 22.166667 23.333333 41.333333] Joey
29 [149.500000 50.166667 21.333333 35.333333] Rachel
30 [122.833333 29.500000 14.666667 40.666667] Joey
31 [72.833333 86.166667 13.333333 28.000000] Monica
33 [166.833333 90.833333 12.000000 16.666667] Ross
33 [192.166667 57.500000 9.333333 16.666667] Monica
33 [171.500000 57.500000 8.666667 17.333333] Rachel
33 [204.166667 60.166667 12.000000 22.666667] Chandler
33 [202.166667 27.500000 7.333333 14.000000] Joey
34 [116.166667 42.833333 32.666667 42.666667] Chandler
35 [112.833333 29.500000 48.000000 89.333333] Rachel
35 [200.833333 9.500000 51.333333 90.000000] Chandler
36 [134.166667 56.166667 12.666667 40.000000] Monica
37 [144.833333 46.833333 38.000000 46.666667] Phoebe
38 [129.500000 41.500000 26.666667 62.666667] Joey
39 [104.833333 34.833333 49.333333 88.000000] Chandler
40 [106.833333 36.166667 32.666667 50.000000] Ross
43 [151.500000 20.833333 24.666667 30.000000] y
43 [152.833333 20.833333 22.666667 31.333333] Chandler
43 [143.500000 63.500000 22.000000 32.000000] Monica
43 [132.166667 108.166667 14.666667 38.000000] Phoebe
44 [122.833333 52.833333 26.000000 52.000000] Rachel
45 [102.833333 26.166667 27.333333 54.666667] Joey
46 [125.500000 49.500000 40.000000 58.000000] Rachel
47 [131.500000 51.500000 44.000000 52.666667] Rachel
48 [126.166667 57.500000 40.666667 47.333333] Rachel
50 [145.500000 32.833333 24.000000 33.333333] Chandler
50 [124.166667 78.833333 22.000000 34.000000] Monica
50 [87.500000 124.166667 20.000000 39.333333] Phoebe
51 [40.833333 110.833333 24.000000 41.333333] Monica
51 [137.500000 68.166667 27.333333 43.333333] Chandler
52 [172.166667 84.833333 16.666667 46.000000] Monica
53 [149.500000 42.833333 30.000000 53.333333] n
53 [144.166667 38.166667 36.666667 60.000000] Phoebe
55 [166.833333 66.166667 31.333333 58.666667] Monica
56 [210.833333 20.166667 14.000000 21.333333] Monica
57 [28.166667 54.166667 25.333333 26.666667] Chandler
57 [205.500000 49.500000 9.333333 32.666667] Monica
58 [43.500000 54.166667 35.333333 43.333333] Chandler
59 [136.166667 30.166667 34.000000 54.666667] Monica
61 [40.166667 46.833333 15.333333 30.000000] Chandler
62 [103.500000 48.166667 20.000000 30.000000] Chandler
62 [52.833333 54.833333 14.666667 29.333333] Monica
64 [113.500000 50.166667 40.666667 46.666667] Rachel
64 [115.500000 50.833333 39.333333 48.666667] Ross
65 [112.166667 54.166667 38.000000 38.666667] Ross
66 [48.833333 46.166667 19.333333 29.333333] Black Chick
67 [157.500000 70.833333 30.666667 40.000000] Ross
67 [56.833333 37.500000 35.333333 40.666667] Black Chick
68 [139.500000 41.500000 32.666667 52.666667] Ross
69 [143.500000 40.166667 37.333333 56.666667] Ross
70 [82.166667 40.166667 40.000000 51.333333] Black Chick
72 [62.166667 21.500000 28.666667 49.333333] Black Chick
72 [170.833333 19.500000 23.333333 53.333333] Ross
73 [134.166667 32.833333 34.666667 66.000000] Ross
73 [60.833333 25.500000 24.000000 56.666667] Black Chick
74 [132.833333 32.833333 39.333333 68.000000] Ross
74 [53.500000 43.500000 36.000000 55.333333] Black Chick
75 [131.500000 44.166667 39.333333 62.666667] Ross
75 [52.833333 40.166667 32.000000 55.333333] Black Chick
76 [61.500000 30.833333 26.000000 50.666667] Chandler
76 [110.833333 71.500000 27.333333 50.666667] Monica
76 [203.500000 70.166667 25.333333 58.000000] Phoebe
77 [59.500000 34.166667 30.666667 45.333333] Chandler
77 [111.500000 72.166667 26.666667 48.666667] Monica
77 [204.833333 74.833333 25.333333 52.000000] Phoebe
78 [63.500000 28.166667 26.000000 54.000000] Chandler
78 [114.166667 67.500000 23.333333 55.333333] Monica
78 [206.166667 68.166667 24.000000 54.666667] Phoebe
79 [98.833333 30.833333 30.000000 52.666667] Chandler
79 [172.833333 67.500000 32.666667 50.000000] Monica
80 [132.166667 38.166667 22.666667 44.000000] Chandler
80 [158.166667 78.166667 20.666667 42.666667] Monica
80 [197.500000 69.500000 35.333333 59.333333] Phoebe
81 [76.833333 37.500000 21.333333 34.666667] Ross
81 [143.500000 44.833333 22.000000 42.000000] Chandler
81 [162.833333 78.833333 20.666667 42.666667] Monica
81 [204.166667 71.500000 35.333333 60.666667] Phoebe
82 [42.833333 34.833333 24.666667 36.000000] Ross
82 [142.833333 42.166667 18.666667 44.000000] Chandler
82 [160.166667 75.500000 22.666667 44.666667] Monica
82 [206.166667 71.500000 29.333333 54.666667] Phoebe
83 [43.500000 35.500000 22.000000 36.000000] Ross
83 [144.166667 40.166667 20.000000 46.000000] Chandler
83 [171.500000 74.833333 14.000000 44.666667] Monica
83 [206.166667 73.500000 28.000000 52.666667] Phoebe
84 [44.833333 36.166667 26.000000 36.000000] Ross
84 [143.500000 45.500000 21.333333 38.000000] Chandler
84 [168.166667 76.833333 21.333333 38.000000] Monica
84 [210.833333 67.500000 33.333333 59.333333] Phoebe
85 [44.833333 37.500000 24.666667 33.333333] Ross
85 [142.833333 42.833333 18.000000 37.333333] Chandler
85 [174.166667 79.500000 15.333333 36.666667] Monica
85 [208.833333 68.166667 34.666667 55.333333] Phoebe
86 [49.500000 35.500000 16.666667 36.000000] Ross
86 [152.833333 44.166667 22.000000 29.333333] Chandler
86 [177.500000 69.500000 20.666667 50.000000] Monica
88 [180.833333 48.833333 21.333333 35.333333] Chandler
89 [154.833333 30.166667 11.333333 18.666667] Ross
89 [216.833333 32.833333 8.666667 17.333333] Chandler
91 [160.166667 31.500000 11.333333 21.333333] Chandler
92 [194.166667 38.833333 10.000000 22.000000] Ross
94 [58.833333 82.166667 29.333333 44.000000] Monica
95 [113.500000 33.500000 16.000000 24.000000] Chandler
99 [38.166667 48.833333 9.333333 16.000000] Rachel
100 [110.166667 27.500000 32.666667 55.333333] Joey
101 [103.500000 47.500000 40.000000 54.666667] Joey
106 [104.833333 36.833333 22.000000 38.666667] Rachel
110 [157.500000 42.166667 21.333333 40.000000] Ross
111 [57.500000 59.500000 12.000000 20.000000] Phoebe
111 [82.833333 37.500000 18.000000 19.333333] Monica
111 [112.166667 18.166667 16.000000 16.666667] Chandler
112 [100.166667 38.166667 26.000000 53.333333] Phoebe
113 [88.166667 2.833333 24.666667 31.333333] Monica
114 [42.833333 32.833333 14.000000 28.666667] Ross
115 [150.833333 36.833333 12.666667 24.000000] Ross
117 [160.166667 48.833333 6.000000 24.666667] Rachel
118 [178.166667 30.833333 18.000000 28.666667] Ross
118 [37.500000 50.166667 11.333333 26.666667] Rachel
119 [127.500000 32.833333 25.333333 52.000000] Rachel
120 [140.833333 36.833333 36.666667 60.666667] Ross
123 [118.166667 36.833333 21.333333 35.333333] Rachel
124 [161.500000 39.500000 12.666667 20.666667] Joey
124 [223.500000 47.500000 7.333333 17.333333] Monica
125 [85.500000 37.500000 28.666667 43.333333] Joey
125 [165.500000 63.500000 26.000000 44.000000] Rachel
126 [86.833333 35.500000 22.000000 44.000000] Joey
126 [166.833333 60.166667 19.333333 39.333333] Rachel
127 [90.166667 22.166667 21.333333 42.666667] Joey
128 [167.500000 55.500000 24.666667 38.666667] Rachel
128 [86.166667 30.833333 19.333333 41.333333] Joey
129 [36.166667 64.833333 29.333333 42.000000] Monica
129 [116.166667 34.166667 26.000000 42.000000] Chandler
129 [198.833333 50.833333 21.333333 40.666667] Phoebe
130 [58.166667 75.500000 35.333333 58.666667] Monica
130 [166.166667 24.833333 36.666667 64.666667] Chandler
131 [62.833333 85.500000 33.333333 47.333333] Monica
131 [160.833333 37.500000 40.000000 56.000000] Chandler
132 [64.166667 16.833333 28.000000 45.333333] Joey
132 [178.166667 40.833333 25.333333 46.000000] Rachel
133 [52.166667 86.833333 39.333333 48.666667] Monica
133 [166.833333 34.166667 29.333333 58.000000] Chandler
134 [20.833333 32.166667 12.000000 18.000000] Joey
135 [152.166667 30.166667 16.000000 30.000000] Chandler
136 [54.166667 78.166667 31.333333 50.000000] Monica
136 [140.833333 45.500000 31.333333 49.333333] Chandler
140 [114.166667 35.500000 34.666667 58.000000] Joey
141 [186.833333 56.833333 11.333333 27.333333] Rachel
142 [134.833333 42.833333 31.333333 56.666667] Rachel
143 [144.833333 38.166667 33.333333 58.666667] Rachel
144 [70.833333 33.500000 26.666667 58.000000] Joey
145 [166.833333 54.166667 28.666667 62.000000] Rachel
146 [96.166667 36.833333 31.333333 53.333333] Joey
147 [110.166667 38.166667 25.333333 54.000000] Joey
148 [125.500000 47.500000 37.333333 57.333333] Rachel
149 [106.166667 30.166667 32.000000 72.000000] Joey
150 [128.166667 41.500000 37.333333 62.666667] Rachel
151 [128.833333 38.166667 34.000000 63.333333] Rachel
154 [92.166667 42.166667 66.000000 94.000000] Ross
155 [141.500000 30.833333 32.666667 58.666667] Rachel
156 [103.500000 34.166667 60.000000 99.333333] Ross
158 [97.500000 32.166667 44.000000 71.333333] Joey
161 [84.833333 46.166667 66.000000 101.333333] Ross
162 [76.166667 22.166667 18.000000 31.333333] Joey
163 [75.500000 26.833333 21.333333 29.333333] Joey
167 [129.500000 38.833333 34.666667 52.666667] Chandler
171 [98.166667 37.500000 38.000000 60.666667] Black Chick
173 [92.166667 34.833333 36.000000 56.000000] Ross
174 [160.833333 43.500000 30.666667 45.333333] Ross
175 [82.166667 60.166667 32.000000 48.666667] Monica
176 [122.833333 40.833333 30.000000 48.000000] Phoebe
176 [122.166667 42.833333 29.333333 46.000000] Phoebe
178 [81.500000 22.166667 28.000000 44.000000] Chandler
179 [68.833333 20.833333 28.000000 44.666667] Chandler
180 [151.500000 26.833333 32.000000 58.666667] Ross
180 [46.833333 34.166667 28.666667 52.666667] Black Chick
181 [126.833333 43.500000 29.333333 52.000000] Monica
182 [152.833333 39.500000 36.666667 71.333333] Ross
183 [155.500000 30.833333 31.333333 54.000000] Ross
183 [60.166667 28.166667 32.666667 55.333333] Black Chick
184 [136.833333 52.833333 38.666667 59.333333] Monica
185 [91.500000 44.166667 30.666667 60.666667] Chandler
186 [162.833333 49.500000 8.666667 14.666667] Monica
189 [113.500000 37.500000 19.333333 38.000000] Ross
189 [66.166667 42.166667 24.666667 41.333333] Chandler
190 [73.500000 47.500000 34.666667 45.333333] Chandler
190 [118.833333 43.500000 16.666667 50.666667] Ross
190 [135.500000 56.166667 22.666667 44.000000] Joey
191 [64.166667 36.166667 32.666667 63.333333] Ross
191 [165.500000 44.833333 32.666667 59.333333] Joey
192 [48.833333 27.500000 35.333333 66.000000] Ross
192 [159.500000 50.166667 36.000000 57.333333] Joey
193 [64.166667 23.500000 29.333333 67.333333] Ross
193 [170.833333 42.833333 22.666667 56.000000] Joey
194 [84.833333 44.166667 31.333333 50.000000] Chandler
195 [186.833333 52.833333 30.000000 54.666667] Monica
196 [100.166667 29.500000 43.333333 71.333333] Phoebe
197 [98.166667 28.166667 44.000000 72.000000] Phoebe
198 [116.166667 42.833333 48.666667 93.333333] X Boy
199 [106.166667 56.166667 44.666667 92.000000] X Boy
200 [156.166667 45.500000 29.333333 50.000000] Phoebe
200 [94.833333 40.166667 22.666667 54.000000] X Boy
Session: 3
3 [101.500000 50.166667 15.333333 24.000000] Chandler
4 [118.833333 44.166667 24.666667 42.666667] Monica
7 [157.500000 33.500000 29.333333 55.333333] Phoebe
8 [128.833333 37.500000 29.333333 47.333333] Phoebe
9 [132.166667 32.166667 29.333333 50.666667] Phoebe
10 [147.500000 36.166667 18.000000 54.000000] Phoebe
11 [180.833333 31.500000 23.333333 49.333333] Chandler
12 [179.500000 87.500000 40.666667 62.000000] Monica
12 [201.500000 38.833333 25.333333 36.666667] Phoebe
15 [107.500000 44.166667 38.666667 54.666667] Ross
16 [83.500000 33.500000 21.333333 40.666667] Chandler
16 [143.500000 38.833333 24.000000 48.666667] Phoebe
16 [197.500000 86.833333 18.000000 46.000000] Monica
17 [86.833333 41.500000 24.000000 36.000000] Chandler
17 [142.833333 47.500000 23.333333 39.333333] Phoebe
17 [206.833333 88.166667 17.333333 46.000000] Monica
18 [90.166667 42.166667 21.333333 36.000000] Chandler
18 [139.500000 42.166667 27.333333 40.666667] Phoebe
18 [201.500000 86.166667 23.333333 44.666667] Monica
19 [183.500000 39.500000 14.666667 30.666667] Chandler
24 [109.500000 42.833333 35.333333 66.666667] Joey
25 [120.166667 41.500000 29.333333 50.000000] Rachel
26 [108.166667 48.833333 40.666667 60.666667] Phoebe
28 [114.833333 32.166667 27.333333 40.000000] Chandler
28 [102.166667 84.166667 26.000000 42.666667] Monica
28 [68.166667 123.500000 25.333333 49.333333] Phoebe
29 [107.500000 18.166667 30.000000 45.333333] Joey
29 [149.500000 42.833333 22.000000 45.333333] Rachel
30 [113.500000 28.166667 23.333333 44.000000] Joey
31 [68.833333 80.833333 20.666667 34.666667] Monica
31 [148.833333 50.833333 21.333333 32.000000] Chandler
34 [114.166667 43.500000 36.000000 37.333333] Chandler
35 [102.833333 23.500000 64.000000 94.000000] Rachel
35 [188.833333 2.833333 65.333333 94.000000] Chandler
36 [119.500000 54.166667 42.666667 53.333333] Monica
37 [133.500000 41.500000 63.333333 61.333333] Phoebe
38 [124.166667 27.500000 37.333333 66.666667] Joey
39 [94.833333 29.500000 62.666667 93.333333] Chandler
40 [102.166667 34.166667 39.333333 49.333333] Ross
43 [149.500000 14.833333 26.666667 37.333333] Chandler
43 [142.833333 64.166667 24.000000 31.333333] Monica
43 [131.500000 106.833333 15.333333 38.000000] Phoebe
44 [116.833333 48.833333 36.000000 56.666667] Rachel
45 [95.500000 22.833333 34.000000 59.333333] Joey
46 [128.833333 51.500000 38.666667 54.000000] Rachel
47 [131.500000 44.166667 44.000000 58.000000] Rachel
48 [126.833333 46.166667 39.333333 58.000000] Rachel
50 [146.833333 30.833333 23.333333 32.000000] Chandler
50 [118.166667 75.500000 30.000000 39.333333] Monica
50 [86.166667 119.500000 24.000000 47.333333] Phoebe
51 [41.500000 110.833333 22.666667 36.666667] Monica
53 [142.166667 38.833333 37.333333 59.333333] Phoebe
55 [172.833333 64.166667 22.000000 57.333333] Monica
56 [210.833333 18.166667 13.333333 22.666667] Monica
57 [28.833333 54.833333 22.666667 24.000000] Chandler
58 [39.500000 55.500000 37.333333 40.000000] Chandler
59 [136.833333 30.833333 31.333333 49.333333] Monica
60 [135.500000 30.833333 34.000000 53.333333] Monica
61 [37.500000 44.833333 24.000000 30.666667] Chandler
62 [102.166667 46.166667 20.666667 34.666667] Chandler
62 [53.500000 52.166667 16.666667 33.333333] Monica
64 [112.833333 51.500000 44.000000 51.333333] Ross
65 [118.166667 54.166667 30.000000 41.333333] Ross
66 [50.166667 47.500000 19.333333 24.666667] Black Chick
67 [60.166667 41.500000 33.333333 32.666667] Black Chick
67 [159.500000 71.500000 28.000000 36.000000] Ross
68 [138.833333 31.500000 34.666667 62.666667] Ross
69 [147.500000 35.500000 30.000000 57.333333] Ross
70 [85.500000 29.500000 33.333333 59.333333] Ross
71 [148.833333 32.166667 33.333333 65.333333] Ross
72 [59.500000 22.833333 34.666667 40.666667] Black Chick
72 [168.166667 20.166667 26.000000 50.666667] Ross
73 [134.166667 32.166667 43.333333 63.333333] Ross
73 [58.166667 23.500000 32.666667 58.666667] Black Chick
74 [129.500000 35.500000 46.000000 57.333333] Ross
75 [134.833333 37.500000 31.333333 62.666667] Ross
75 [49.500000 40.166667 37.333333 55.333333] Black Chick
76 [61.500000 31.500000 26.000000 45.333333] Chandler
76 [112.833333 72.166667 25.333333 49.333333] Monica
76 [200.833333 68.833333 29.333333 58.666667] Phoebe
77 [62.833333 34.833333 26.666667 42.000000] Chandler
77 [114.833333 74.166667 20.000000 42.000000] Monica
77 [208.833333 70.166667 23.333333 54.666667] Phoebe
78 [63.500000 30.166667 25.333333 48.000000] Monica
78 [198.833333 72.166667 33.333333 50.666667] Monica
78 [203.500000 74.833333 27.333333 48.666667] Phoebe
79 [104.833333 35.500000 18.000000 46.666667] Chandler
79 [178.166667 75.500000 22.000000 40.666667] Monica
80 [196.833333 68.833333 37.333333 60.666667] Phoebe
80 [132.166667 36.833333 24.000000 42.000000] Chandler
80 [158.833333 72.833333 22.000000 44.000000] Monica
80 [195.500000 60.166667 37.333333 76.000000] Phoebe
81 [74.833333 38.833333 28.666667 33.333333] Ross
81 [138.166667 39.500000 30.000000 42.666667] Chandler
81 [164.166667 76.166667 24.000000 46.000000] Monica
81 [207.500000 67.500000 35.333333 70.000000] Phoebe
82 [42.833333 34.166667 24.666667 34.666667] Ross
82 [143.500000 40.166667 20.666667 39.333333] Chandler
82 [160.833333 76.166667 24.000000 40.666667] Monica
82 [203.500000 69.500000 33.333333 58.666667] Phoebe
83 [43.500000 37.500000 24.000000 34.000000] y
83 [40.833333 36.833333 26.666667 36.000000] Ross
83 [144.166667 39.500000 25.333333 41.333333] Chandler
83 [169.500000 73.500000 18.000000 44.000000] y
83 [166.833333 71.500000 20.666667 44.000000] Monica
83 [204.833333 70.166667 26.666667 60.000000] Phoebe
84 [47.500000 38.166667 21.333333 32.000000] Ross
84 [139.500000 41.500000 26.000000 39.333333] Chandler
84 [162.166667 75.500000 28.000000 38.666667] Monica
84 [196.833333 54.166667 47.333333 71.333333] Phoebe
85 [41.500000 36.166667 28.666667 31.333333] Ross
85 [140.166667 34.166667 26.000000 46.000000] Chandler
85 [172.833333 75.500000 16.000000 39.333333] Monica
85 [212.833333 60.166667 31.333333 67.333333] Phoebe
86 [180.166667 76.166667 16.666667 38.000000] Monica
88 [180.166667 48.833333 23.333333 37.333333] Chandler
89 [156.166667 32.833333 9.333333 14.666667] Ross
89 [216.166667 31.500000 10.000000 18.666667] Chandler
91 [161.500000 31.500000 10.666667 19.333333] Chandler
94 [58.833333 80.833333 30.666667 46.666667] Monica
95 [114.166667 31.500000 16.000000 26.000000] Chandler
95 [65.500000 48.166667 10.000000 24.000000] Monica
99 [36.833333 46.833333 12.000000 18.666667] Rachel
101 [105.500000 46.833333 36.000000 56.000000] Joey
102 [230.166667 40.833333 8.000000 20.666667] y
102 [228.166667 40.833333 11.333333 22.000000] Joey
106 [106.166667 32.166667 20.666667 44.666667] Rachel
110 [154.166667 42.833333 22.000000 39.333333] Ross
111 [114.833333 18.833333 11.333333 12.000000] Chandler
111 [85.500000 36.833333 10.666667 18.000000] Monica
111 [58.833333 58.166667 10.000000 21.333333] Phoebe
112 [104.833333 38.166667 16.666667 56.666667] Phoebe
113 [89.500000 2.833333 24.666667 30.000000] Monica
114 [38.833333 32.166667 17.333333 25.333333] Ross
115 [148.166667 35.500000 18.666667 27.333333] Ross
117 [158.833333 50.833333 7.333333 24.000000] Rachel
118 [177.500000 28.833333 19.333333 31.333333] Ross
118 [37.500000 52.833333 13.333333 20.000000] Rachel
119 [126.166667 33.500000 28.000000 53.333333] Rachel
120 [143.500000 43.500000 32.666667 54.666667] Ross
122 [120.833333 46.833333 10.666667 20.666667] Rachel
123 [122.833333 39.500000 14.000000 33.333333] Rachel
124 [160.833333 41.500000 15.333333 18.666667] Joey
124 [223.500000 46.833333 7.333333 16.000000] Monica
125 [86.166667 36.166667 30.000000 50.000000] Joey
125 [168.166667 64.833333 22.666667 47.333333] Rachel
126 [167.500000 56.833333 20.666667 44.666667] Rachel
126 [85.500000 34.833333 27.333333 41.333333] Joey
127 [94.166667 20.833333 18.666667 50.000000] Joey
127 [186.166667 50.833333 15.333333 38.000000] Rachel
128 [166.166667 46.833333 28.000000 50.666667] Rachel
128 [87.500000 26.166667 20.666667 47.333333] Joey
129 [34.833333 66.166667 32.666667 40.000000] Monica
129 [115.500000 31.500000 30.000000 46.000000] Chandler
129 [198.166667 50.833333 22.000000 42.666667] Phoebe
130 [62.166667 74.833333 31.333333 57.333333] Monica
130 [168.833333 24.166667 36.000000 64.000000] Chandler
130 [168.833333 24.833333 34.666667 62.666667] Chandler
130 [61.500000 72.833333 31.333333 56.666667] Monica
131 [60.833333 82.833333 38.000000 52.666667] Monica
131 [162.833333 38.166667 35.333333 57.333333] Chandler
132 [178.166667 49.500000 26.666667 38.666667] Rachel
133 [52.833333 83.500000 38.000000 50.000000] Monica
133 [164.166667 37.500000 37.333333 58.000000] Chandler
135 [152.833333 35.500000 14.000000 20.666667] Chandler
136 [140.833333 43.500000 34.666667 52.666667] Chandler
139 [65.500000 45.500000 12.000000 28.000000] Rachel
139 [62.833333 40.833333 15.333333 34.666667] Joey
140 [114.833333 35.500000 37.333333 61.333333] Joey
141 [184.166667 50.833333 19.333333 39.333333] Rachel
142 [136.166667 43.500000 32.666667 54.666667] Rachel
143 [147.500000 38.166667 29.333333 54.666667] Rachel
144 [66.166667 36.166667 35.333333 54.000000] Joey
145 [168.166667 51.500000 30.666667 69.333333] Rachel
146 [97.500000 36.166667 29.333333 59.333333] Joey
147 [111.500000 37.500000 28.000000 56.666667] Joey
148 [127.500000 48.166667 31.333333 55.333333] Rachel
149 [107.500000 34.833333 36.000000 69.333333] Joey
150 [130.166667 39.500000 38.000000 68.000000] Rachel
151 [130.833333 38.166667 34.000000 64.666667] Rachel
154 [94.833333 43.500000 67.333333 101.333333] Ross
155 [144.166667 30.833333 32.000000 61.333333] Rachel
156 [108.166667 31.500000 57.333333 128.000000] Ross
158 [100.833333 36.833333 41.333333 64.000000] Joey
161 [91.500000 42.166667 62.666667 105.333333] Ross
162 [76.166667 23.500000 19.333333 26.666667] Joey
163 [79.500000 27.500000 19.333333 28.666667] Joey
164 [203.500000 51.500000 11.333333 18.000000] Ross
164 [38.166667 50.166667 10.666667 16.666667] Chandler
165 [189.500000 31.500000 12.666667 22.000000] Ross
166 [203.500000 36.166667 14.000000 14.666667] Chandler
167 [132.833333 37.500000 31.333333 54.666667] Chandler
171 [95.500000 41.500000 44.666667 55.333333] Black Chick
172 [106.833333 38.166667 38.000000 64.000000] Black Chick
173 [96.166667 36.166667 32.666667 52.000000] Ross
174 [167.500000 44.166667 26.000000 45.333333] Ross
175 [83.500000 58.833333 34.666667 47.333333] Monica
175 [231.500000 23.500000 16.666667 55.333333] Phoebe
176 [122.166667 38.833333 30.666667 52.000000] Phoebe
178 [82.166667 24.166667 28.000000 39.333333] Chandler
179 [76.166667 27.500000 22.000000 40.000000] Chandler
180 [156.833333 32.166667 26.000000 48.666667] Ross
180 [51.500000 36.833333 24.000000 46.666667] Black Chick
181 [127.500000 41.500000 30.000000 53.333333] Monica
182 [154.833333 39.500000 34.666667 68.000000] Ross
182 [84.166667 46.833333 23.333333 57.333333] Black Chick
183 [158.166667 32.833333 28.666667 49.333333] Ross
183 [60.833333 28.833333 30.666667 54.000000] Black Chick
184 [134.166667 52.833333 40.666667 53.333333] Monica
185 [92.166667 42.833333 31.333333 57.333333] Chandler
186 [163.500000 50.166667 7.333333 14.666667] Monica
189 [114.166667 40.833333 21.333333 35.333333] Ross
189 [66.166667 48.166667 25.333333 34.000000] Chandler
189 [172.833333 41.500000 18.666667 42.666667] Joey
190 [74.166667 50.166667 32.666667 44.666667] Chandler
190 [120.833333 44.833333 16.666667 45.333333] Ross
190 [136.833333 54.166667 25.333333 45.333333] Joey
191 [61.500000 32.833333 35.333333 62.000000] Ross
191 [163.500000 42.833333 34.000000 62.000000] Joey
192 [48.166667 29.500000 36.666667 64.666667] Ross
192 [160.833333 48.166667 34.000000 62.666667] Joey
193 [58.833333 29.500000 36.666667 58.666667] Ross
193 [168.166667 40.833333 26.666667 62.000000] Joey
194 [84.833333 47.500000 35.333333 48.666667] Chandler
195 [186.833333 58.833333 28.000000 42.666667] Monica
195 [106.166667 26.833333 6.666667 11.333333] Ross
196 [99.500000 30.833333 46.666667 69.333333] Phoebe
197 [100.166667 32.833333 40.666667 67.333333] Phoebe
198 [118.833333 40.833333 47.333333 95.333333] X Boy
198 [213.500000 62.166667 14.666667 81.333333] Phoebe
199 [98.166667 50.166667 56.666667 96.666667] X Boy
199 [209.500000 56.166667 31.333333 82.666667] Phoebe
200 [94.166667 35.500000 26.000000 56.666667] X Boy
200 [158.166667 42.166667 28.000000 54.000000] Phoebe