video2
Observer: Nadeem Hassan
Session: 1
3 [1.085000e+002 6.050000e+001 21 21] Chandler
4 [128 69 42 42] Monica
4 [128 6.850000e+001 39 39] Monica
5 [1.535000e+002 59 42 42] y
5 [1.525000e+002 5.850000e+001 43 43] Monica
7 [170 6.150000e+001 49 49] Phoebe
8 [143 6.350000e+001 43 43] Phoebe
9 [146 59 40 40] Phoebe
10 [159 65 40 40] Phoebe
11 [194 55 36 36] Chandler
12 [2.035000e+002 1.215000e+002 53 53] Monica
12 [2.185000e+002 5.950000e+001 33 33] Phoebe
15 [131 70 44 44] Chandler
16 [9.450000e+001 54 34 34] Chandler
16 [160 6.650000e+001 31 31] Phoebe
16 [2.075000e+002 109 36 36] Monica
22 [1.285000e+002 58 44 44] Phoebe
24 [125 7.550000e+001 55 55] Chandler
25 [134 6.750000e+001 45 45] Rachel
26 [134 8.050000e+001 51 51] Phoebe
28 [129 51 38 38] Chandler
28 [115 105 38 38] Monica
28 [94 148 0 0] k
28 [7.950000e+001 1.495000e+002 37 37] Phoebe
34 [1.335000e+002 58 28 28] Chandler
35 [1.365000e+002 73 80 80] Rachel
35 [227 5.350000e+001 95 95] Chandler
36 [1.415000e+002 77 46 46] Rachel
37 [1.585000e+002 60 40 40] Phoebe
38 [1.385000e+002 6.350000e+001 39 39] Joey
39 [1.285000e+002 74 94 94] Chandler
43 [1.635000e+002 35 24 24] Chandler
43 [1.545000e+002 80 26 26] Monica
43 [140 1.255000e+002 37 37] Phoebe
44 [1.345000e+002 78 50 50] Rachel
45 [114 52 40 40] Joey
46 [147 78 46 46] Rachel
47 [1.575000e+002 74 58 58] Monica
48 [151 80 50 50] y
48 [149 82 46 46] Rachel
50 [156 4.550000e+001 31 31] Chandler
50 [1.345000e+002 100 23 23] Monica
50 [9.750000e+001 142 32 32] Phoebe
51 [1.495000e+002 8.650000e+001 45 45] Chandler
51 [5.350000e+001 128 38 38] Monica
52 [1.825000e+002 110 38 38] Monica
53 [1.645000e+002 68 56 56] Phoebe
54 [170 60 40 40] Phoebe
54 [171 6.050000e+001 45 45] Phoebe
55 [185 94 42 42] Phoebe
55 [1.855000e+002 94 52 52] Monica
56 [2.205000e+002 32 20 20] Phoebe
56 [2.185000e+002 32 16 16] Monica
56 [150 4.450000e+001 9 9] Chandler
56 [2.185000e+002 3.150000e+001 15 15] Monica
57 [2.095000e+002 63 28 28] Monica
57 [41 6.650000e+001 20 20] Chandler
58 [57 73 36 36] Chandler
59 [152 5.650000e+001 43 43] Monica
60 [1.495000e+002 5.850000e+001 39 39] Monica
61 [4.850000e+001 61 20 20] Chandler
62 [113 6.550000e+001 25 25] Chandler
62 [60 71 26 26] Monica
63 [110 9.750000e+001 29 29] Black
64 [1.345000e+002 69 42 42] Ross
65 [1.265000e+002 71 42 42] Ross
66 [5.950000e+001 62 22 22] Black
67 [80 59 32 32] Black
67 [175 93 32 32] Ross
68 [1.555000e+002 65 48 48] Ross
69 [1.625000e+002 6.750000e+001 45 45] Ross
70 [1.035000e+002 61 44 44] Black
71 [166 66 48 48] Ross
72 [183 43 40 40] Ross
72 [78 4.750000e+001 39 39] Black
73 [1.495000e+002 6.550000e+001 61 61] Ross
73 [73 5.750000e+001 47 47] 
73 [74 57 48 48] Black
74 [1.505000e+002 67 60 60] Ross
75 [147 74 62 62] Ross
76 [7.350000e+001 5.450000e+001 47 47] Chandler
76 [128 98 40 40] Monica
76 [220 1.025000e+002 47 47] Phoebe
77 [7.550000e+001 55 48 48] Chandler
77 [1.255000e+002 97 42 42] Monica
79 [1.115000e+002 60 44 44] Chandler
79 [1.895000e+002 92 44 44] Monica
80 [1.445000e+002 5.950000e+001 39 39] Chandler
80 [169 99 36 36] Monica
80 [217 99 64 64] Phoebe
81 [88 5.450000e+001 33 33] Ross
81 [155 6.150000e+001 37 37] Chandler
81 [176 9.850000e+001 39 39] Monica
81 [2.265000e+002 101 48 48] Phoebe
86 [5.750000e+001 56 30 30] Ross
86 [1.615000e+002 5.950000e+001 33 33] Chandler
86 [189 95 40 40] Monica
88 [191 66 36 36] Chandler
88 [7.450000e+001 55 38 38] Ross
89 [1.615000e+002 40 16 16] Ross
89 [2.205000e+002 4.050000e+001 17 17] Chandler
90 [73 54 26 26] Ross
90 [1.785000e+002 5.850000e+001 33 33] Chandler
91 [1.665000e+002 43 18 18] Chandler
91 [180 43 14 14] Ross
94 [75 103 40 40] Monica
95 [122 4.350000e+001 27 27] Chandler
99 [45 58 14 14] Monica
100 [128 53 46 46] Joey
101 [123 73 52 52] Joey
102 [2.335000e+002 52 16 16] Chandler
106 [1.175000e+002 5.650000e+001 33 33] Rachel
110 [1.665000e+002 61 36 36] Ross
111 [119 2.450000e+001 15 15] Chandler
111 [6.350000e+001 69 14 14] Phoebe
111 [9.150000e+001 48 14 14] Monica
112 [111 6.650000e+001 47 47] Phoebe
113 [102 1.850000e+001 25 25] Monica
115 [1.545000e+002 4.950000e+001 23 23] Ross
118 [188 4.350000e+001 29 29] Ross
119 [1.415000e+002 59 46 46] Monica
120 [1.605000e+002 70 58 58] Ross
123 [133 5.750000e+001 21 21] Rachel
124 [168 5.150000e+001 19 19] Chandler
125 [1.015000e+002 6.150000e+001 41 41] Chandler
125 [1.815000e+002 8.750000e+001 35 35] Rachel
125 [102 6.050000e+001 41 41] Chandler
126 [1.005000e+002 5.650000e+001 43 43] Chandler
126 [176 8.150000e+001 33 33] Rachel
127 [1.045000e+002 46 42 42] Chandler
127 [1.915000e+002 74 36 36] Rachel
128 [180 7.450000e+001 33 33] Rachel
128 [96 50 36 36] Chandler
129 [54 8.950000e+001 29 29] Monica
129 [1.295000e+002 55 38 38] Chandler
129 [2.095000e+002 7.250000e+001 33 33] Phoebe
130 [7.650000e+001 101 48 48] Monica
130 [185 6.050000e+001 47 47] Chandler
131 [7.750000e+001 1.105000e+002 47 47] Monica
131 [1.795000e+002 72 40 40] Chandler
132 [78 4.150000e+001 37 37] Joey
132 [193 67 30 30] Rachel
133 [183 63 48 48] Chandler
133 [7.650000e+001 1.105000e+002 45 45] Monica
134 [2.750000e+001 41 18 18] Joey
134 [192 3.650000e+001 17 17] Chandler
136 [7.050000e+001 103 42 42] Monica
136 [158 71 46 46] Chandler
138 [1.215000e+002 6.250000e+001 33 33] Rachel
139 [7.050000e+001 5.850000e+001 29 29] Joey
140 [133 6.450000e+001 67 67] Joey
140 [132 6.450000e+001 51 51] 
140 [129 6.350000e+001 61 61] Joey
141 [192 6.950000e+001 29 29] Rachel
141 [8.350000e+001 54 32 32] Joey
142 [153 73 52 52] Rachel
143 [1.605000e+002 69 52 52] Rachel
144 [84 6.350000e+001 49 49] Joey
145 [1.815000e+002 87 54 54] Rachel
146 [1.085000e+002 6.150000e+001 57 57] Joey
147 [118 7.150000e+001 43 43] Joey
148 [143 7.750000e+001 51 51] Rachel
149 [123 67 58 58] Joey
150 [147 76 60 60] Rachel
150 [1.465000e+002 7.850000e+001 55 55] Rachel
151 [1.425000e+002 74 54 54] Rachel
152 [1.095000e+002 61 32 32] Joey
153 [113 6.950000e+001 29 29] Joey
154 [1.265000e+002 94 88 88] Ross
155 [1.575000e+002 62 54 54] Rachel
156 [135 8.850000e+001 87 87] Ross
157 [8.750000e+001 5.350000e+001 27 27] j
158 [1.215000e+002 65 62 62] Joey
159 [121 6.950000e+001 35 35] Joey
160 [6.750000e+001 9.550000e+001 93 93] Joey
160 [1.565000e+002 8.950000e+001 105 105] Ross
161 [122 98 102 102] Ross
162 [8.443443e+001 3.669672e+001 2.754098e+001 2.754098e+001] Joey
163 [8.983333e+001 4.116667e+001 2.466667e+001 2.466667e+001] Joey
167 [1.471667e+002 6.650000e+001 5.533333e+001 5.533333e+001] Chandler
168 [6.416667e+001 5.916667e+001 1.933333e+001 1.933333e+001] Ross
171 [1.171667e+002 6.916667e+001 5.133333e+001 5.133333e+001] Black
173 [1.101667e+002 6.216667e+001 4.666667e+001 4.666667e+001] Ross
174 [1.795000e+002 6.616667e+001 4.666667e+001 4.666667e+001] Ross
175 [9.923797e+001 8.109893e+001 4.517647e+001 4.517647e+001] Monica
176 [1.377406e+002 6.261765e+001 4.928342e+001 4.928342e+001] Phoebe
178 [9.667112e+001 4.156952e+001 4.004278e+001 4.004278e+001] Chandler
179 [8.691711e+001 4.310963e+001 4.106952e+001 4.106952e+001] Chandler
180 [1.711096e+002 5.697059e+001 4.414973e+001 4.414973e+001] Ross
180 [6.330214e+001 5.851069e+001 5.339037e+001 5.339037e+001] Black
181 [1.403075e+002 6.775134e+001 4.722995e+001 4.722995e+001] Monica
182 [1.705963e+002 7.699198e+001 6.571123e+001 6.571123e+001] Ross
183 [1.716230e+002 5.594385e+001 4.620321e+001 4.620321e+001] Ross
183 [7.972995e+001 5.697059e+001 4.414973e+001 4.414973e+001] Black
184 [1.582754e+002 8.007219e+001 4.106952e+001 4.106952e+001] Monica
185 [1.043717e+002 7.596524e+001 5.749733e+001 5.749733e+001] Chandler
186 [1.664893e+002 5.953743e+001 1.437433e+001 1.437433e+001] Monica
186 [8.589037e+001 4.772995e+001 1.334759e+001 1.334759e+001] Chandler
186 [6.227540e+001 4.670321e+001 1.334759e+001 1.334759e+001] Ross
189 [1.218262e+002 5.594385e+001 4.209626e+001 4.209626e+001] Ross
189 [7.921658e+001 6.569786e+001 3.285562e+001 3.285562e+001] Chandler
189 [1.818904e+002 6.569786e+001 3.901604e+001 3.901604e+001] Joey
190 [9.102406e+001 7.339840e+001 4.004278e+001 4.004278e+001] Chandler
190 [1.285000e+002 6.415775e+001 4.209626e+001 4.209626e+001] Ross
190 [1.469813e+002 7.853209e+001 4.004278e+001 4.004278e+001] Joey
191 [8.332353e+001 6.364439e+001 5.133690e+001 5.133690e+001] Ross
191 [1.798369e+002 7.185829e+001 5.133690e+001 5.133690e+001] Joey
192 [6.792246e+001 5.645722e+001 5.955080e+001 5.955080e+001] Ross
192 [1.731631e+002 7.134492e+001 5.031016e+001 5.031016e+001] Joey
193 [8.281016e+001 5.594385e+001 6.263102e+001 6.263102e+001] Ross
194 [1.018048e+002 7.391176e+001 3.901604e+001 3.901604e+001] Chandler
195 [2.034519e+002 8.109893e+001 3.490909e+001 3.490909e+001] Monica
196 [1.218262e+002 6.672460e+001 5.544385e+001 5.544385e+001] Phoebe
197 [1.182326e+002 6.929144e+001 6.468449e+001 6.468449e+001] Phoebe
200 [1.690561e+002 7.185829e+001 4.517647e+001 4.517647e+001] Phoebe
Session: 2
3 [1.091667e+002 6.083333e+001 2.266667e+001 2.266667e+001] Chandler
4 [1.281667e+002 6.716667e+001 3.933333e+001 3.933333e+001] Monica
7 [1.715000e+002 6.183333e+001 4.866667e+001 4.866667e+001] Phoebe
9 [1.455000e+002 6.150000e+001 44 44] Phoebe
11 [1.915000e+002 5.683333e+001 4.133333e+001 4.133333e+001] Chandler
12 [2.028333e+002 1.225000e+002 5.266667e+001 5.266667e+001] Monica
12 [2.168333e+002 6.016667e+001 32 32] Phoebe
15 [1.295000e+002 7.416667e+001 52 52] Ross
16 [9.550000e+001 5.483333e+001 3.333333e+001 3.333333e+001] Chandler
16 [1.568333e+002 6.783333e+001 3.266667e+001 3.266667e+001] Phoebe
16 [2.065000e+002 1.128333e+002 3.866667e+001 3.866667e+001] Monica
17 [9.983333e+001 5.816667e+001 3.466667e+001 3.466667e+001] Chandler
17 [1.561667e+002 6.516667e+001 38 38] Phoebe
17 [2.148333e+002 1.118333e+002 42 42] Monica
18 [1.015000e+002 5.850000e+001 34 34] Chandler
18 [1.548333e+002 6.716667e+001 34 34] Phoebe
18 [2.121667e+002 1.078333e+002 4.066667e+001 4.066667e+001] Monica
19 [1.915000e+002 5.583333e+001 2.733333e+001 2.733333e+001] Chandler
20 [7.483333e+001 6.850000e+001 5.133333e+001 5.133333e+001] Monica
24 [1.228333e+002 7.416667e+001 56 56] Joey
25 [1.355000e+002 6.616667e+001 44 44] Rachel
26 [1.328333e+002 8.283333e+001 4.666667e+001 4.666667e+001] Phoebe
28 [1.285000e+002 5.316667e+001 3.933333e+001 3.933333e+001] Chandler
28 [1.155000e+002 1.068333e+002 3.333333e+001 3.333333e+001] Monica
28 [7.916667e+001 1.525000e+002 3.666667e+001 3.666667e+001] Phoebe
29 [1.258333e+002 4.283333e+001 4.133333e+001 4.133333e+001] Joey
29 [1.601667e+002 6.783333e+001 3.533333e+001 3.533333e+001] Rachel
30 [1.301667e+002 4.983333e+001 4.066667e+001 4.066667e+001] Joey
31 [7.950000e+001 1.001667e+002 28 28] Monica
33 [1.728333e+002 9.916667e+001 1.666667e+001 1.666667e+001] Ross
33 [1.968333e+002 6.583333e+001 1.666667e+001 1.666667e+001] Monica
33 [1.758333e+002 6.616667e+001 1.733333e+001 1.733333e+001] Rachel
33 [2.101667e+002 7.150000e+001 2.266667e+001 2.266667e+001] Chandler
33 [2.058333e+002 3.450000e+001 14 14] Joey
34 [1.325000e+002 6.416667e+001 4.266667e+001 4.266667e+001] Chandler
35 [1.368333e+002 7.416667e+001 8.933333e+001 8.933333e+001] Rachel
35 [2.265000e+002 5.450000e+001 90 90] Chandler
36 [1.405000e+002 7.616667e+001 40 40] Monica
37 [1.638333e+002 7.016667e+001 4.666667e+001 4.666667e+001] Phoebe
38 [1.428333e+002 7.283333e+001 6.266667e+001 6.266667e+001] Joey
39 [1.295000e+002 7.883333e+001 88 88] Chandler
40 [1.231667e+002 6.116667e+001 50 50] Ross
43 [1.638333e+002 3.583333e+001 30 30] y
43 [1.641667e+002 3.650000e+001 3.133333e+001 3.133333e+001] Chandler
43 [1.545000e+002 7.950000e+001 32 32] Monica
43 [1.395000e+002 1.271667e+002 38 38] Phoebe
44 [1.358333e+002 7.883333e+001 52 52] Rachel
45 [1.165000e+002 5.350000e+001 5.466667e+001 5.466667e+001] Joey
46 [1.455000e+002 7.850000e+001 58 58] Rachel
47 [1.535000e+002 7.783333e+001 5.266667e+001 5.266667e+001] Rachel
48 [1.465000e+002 8.116667e+001 4.733333e+001 4.733333e+001] Rachel
50 [1.575000e+002 4.950000e+001 3.333333e+001 3.333333e+001] Chandler
50 [1.351667e+002 9.583333e+001 34 34] Monica
50 [9.750000e+001 1.438333e+002 3.933333e+001 3.933333e+001] Phoebe
51 [5.283333e+001 1.315000e+002 4.133333e+001 4.133333e+001] Monica
51 [1.511667e+002 8.983333e+001 4.333333e+001 4.333333e+001] Chandler
52 [1.805000e+002 1.078333e+002 46 46] Monica
53 [1.645000e+002 6.950000e+001 5.333333e+001 5.333333e+001] n
53 [1.625000e+002 6.816667e+001 60 60] Phoebe
55 [1.825000e+002 9.550000e+001 5.866667e+001 5.866667e+001] Monica
56 [2.178333e+002 3.083333e+001 2.133333e+001 2.133333e+001] Monica
57 [4.083333e+001 6.750000e+001 2.666667e+001 2.666667e+001] Chandler
57 [2.101667e+002 6.583333e+001 3.266667e+001 3.266667e+001] Monica
58 [6.116667e+001 7.583333e+001 4.333333e+001 4.333333e+001] Chandler
59 [1.531667e+002 5.750000e+001 5.466667e+001 5.466667e+001] Monica
61 [4.783333e+001 6.183333e+001 30 30] Chandler
62 [1.135000e+002 6.316667e+001 30 30] Chandler
62 [6.016667e+001 6.950000e+001 2.933333e+001 2.933333e+001] Monica
64 [1.338333e+002 7.350000e+001 4.666667e+001 4.666667e+001] Rachel
64 [1.351667e+002 7.516667e+001 4.866667e+001 4.866667e+001] Ross
65 [1.311667e+002 7.350000e+001 3.866667e+001 3.866667e+001] Ross
66 [5.850000e+001 6.083333e+001 2.933333e+001 2.933333e+001] Black
67 [1.728333e+002 9.083333e+001 40 40] Ross
67 [7.450000e+001 5.783333e+001 4.066667e+001 4.066667e+001] Black
68 [1.558333e+002 6.783333e+001 5.266667e+001 5.266667e+001] Ross
69 [1.621667e+002 6.850000e+001 5.666667e+001 5.666667e+001] Ross
70 [1.021667e+002 6.583333e+001 5.133333e+001 5.133333e+001] Black
72 [7.650000e+001 4.616667e+001 4.933333e+001 4.933333e+001] Black
72 [1.825000e+002 4.616667e+001 5.333333e+001 5.333333e+001] Ross
73 [1.515000e+002 6.583333e+001 66 66] Ross
73 [7.283333e+001 5.383333e+001 5.666667e+001 5.666667e+001] Black
74 [1.525000e+002 6.683333e+001 68 68] Ross
74 [7.150000e+001 7.116667e+001 5.533333e+001 5.533333e+001] Black
75 [1.511667e+002 7.550000e+001 6.266667e+001 6.266667e+001] Ross
75 [6.883333e+001 6.783333e+001 5.533333e+001 5.533333e+001] Black
76 [7.450000e+001 5.616667e+001 5.066667e+001 5.066667e+001] Chandler
76 [1.245000e+002 9.683333e+001 5.066667e+001 5.066667e+001] Monica
76 [2.161667e+002 9.916667e+001 58 58] Phoebe
77 [7.483333e+001 5.683333e+001 4.533333e+001 4.533333e+001] Chandler
77 [1.248333e+002 9.650000e+001 4.866667e+001 4.866667e+001] Monica
77 [2.175000e+002 1.008333e+002 52 52] Phoebe
78 [7.650000e+001 5.516667e+001 54 54] Chandler
78 [1.258333e+002 9.516667e+001 5.533333e+001 5.533333e+001] Monica
78 [2.181667e+002 9.550000e+001 5.466667e+001 5.466667e+001] Phoebe
79 [1.138333e+002 5.716667e+001 5.266667e+001 5.266667e+001] Chandler
79 [1.891667e+002 9.250000e+001 50 50] Monica
80 [1.435000e+002 6.016667e+001 44 44] Chandler
80 [1.685000e+002 9.950000e+001 4.266667e+001 4.266667e+001] Monica
80 [2.151667e+002 9.916667e+001 5.933333e+001 5.933333e+001] Phoebe
81 [8.750000e+001 5.483333e+001 3.466667e+001 3.466667e+001] Ross
81 [1.545000e+002 6.583333e+001 42 42] Chandler
81 [1.731667e+002 1.001667e+002 4.266667e+001 4.266667e+001] Monica
81 [2.218333e+002 1.018333e+002 6.066667e+001 6.066667e+001] Phoebe
82 [5.516667e+001 5.283333e+001 36 36] Ross
82 [1.521667e+002 6.416667e+001 44 44] Chandler
82 [1.715000e+002 9.783333e+001 4.466667e+001 4.466667e+001] Monica
82 [2.208333e+002 9.883333e+001 5.466667e+001 5.466667e+001] Phoebe
83 [5.450000e+001 5.350000e+001 36 36] Ross
83 [1.541667e+002 6.316667e+001 46 46] Chandler
83 [1.785000e+002 9.716667e+001 4.466667e+001 4.466667e+001] Monica
83 [2.201667e+002 9.983333e+001 5.266667e+001 5.266667e+001] Phoebe
84 [5.783333e+001 5.416667e+001 36 36] Ross
84 [1.541667e+002 6.450000e+001 38 38] Chandler
84 [1.788333e+002 9.583333e+001 38 38] Monica
84 [2.275000e+002 9.716667e+001 5.933333e+001 5.933333e+001] Phoebe
85 [5.716667e+001 5.416667e+001 3.333333e+001 3.333333e+001] Ross
85 [1.518333e+002 6.150000e+001 3.733333e+001 3.733333e+001] Chandler
85 [1.818333e+002 9.783333e+001 3.666667e+001 3.666667e+001] Monica
85 [2.261667e+002 9.583333e+001 5.533333e+001 5.533333e+001] Phoebe
86 [5.783333e+001 5.350000e+001 36 36] Ross
86 [1.638333e+002 5.883333e+001 2.933333e+001 2.933333e+001] Chandler
86 [1.878333e+002 9.450000e+001 50 50] Monica
88 [1.915000e+002 6.650000e+001 3.533333e+001 3.533333e+001] Chandler
89 [1.605000e+002 3.950000e+001 1.866667e+001 1.866667e+001] Ross
89 [2.211667e+002 4.150000e+001 1.733333e+001 1.733333e+001] Chandler
91 [1.658333e+002 4.216667e+001 2.133333e+001 2.133333e+001] Chandler
92 [1.991667e+002 4.983333e+001 22 22] Ross
94 [7.350000e+001 1.041667e+002 44 44] Monica
95 [1.215000e+002 4.550000e+001 24 24] Chandler
99 [4.283333e+001 5.683333e+001 16 16] Rachel
100 [1.265000e+002 5.516667e+001 5.533333e+001 5.533333e+001] Joey
101 [1.235000e+002 7.483333e+001 5.466667e+001 5.466667e+001] Joey
106 [1.158333e+002 5.616667e+001 3.866667e+001 3.866667e+001] Rachel
110 [1.681667e+002 6.216667e+001 40 40] Ross
111 [6.350000e+001 6.950000e+001 20 20] Phoebe
111 [9.183333e+001 4.716667e+001 1.933333e+001 1.933333e+001] Monica
111 [1.201667e+002 2.650000e+001 1.666667e+001 1.666667e+001] Chandler
112 [1.131667e+002 6.483333e+001 5.333333e+001 5.333333e+001] Phoebe
113 [1.005000e+002 1.850000e+001 3.133333e+001 3.133333e+001] Monica
114 [4.983333e+001 4.716667e+001 2.866667e+001 2.866667e+001] Ross
115 [1.571667e+002 4.883333e+001 24 24] Ross
117 [1.631667e+002 6.116667e+001 2.466667e+001 2.466667e+001] Rachel
118 [1.871667e+002 4.516667e+001 2.866667e+001 2.866667e+001] Ross
118 [4.316667e+001 6.350000e+001 2.666667e+001 2.666667e+001] Rachel
119 [1.401667e+002 5.883333e+001 52 52] Rachel
120 [1.591667e+002 6.716667e+001 6.066667e+001 6.066667e+001] Ross
123 [1.288333e+002 5.450000e+001 3.533333e+001 3.533333e+001] Rachel
124 [1.678333e+002 4.983333e+001 2.066667e+001 2.066667e+001] Joey
124 [2.271667e+002 5.616667e+001 1.733333e+001 1.733333e+001] Monica
125 [9.983333e+001 5.916667e+001 4.333333e+001 4.333333e+001] Joey
125 [1.785000e+002 8.550000e+001 44 44] Rachel
126 [9.783333e+001 5.750000e+001 44 44] Joey
126 [1.765000e+002 7.983333e+001 3.933333e+001 3.933333e+001] Rachel
127 [1.008333e+002 4.350000e+001 4.266667e+001 4.266667e+001] Joey
128 [1.798333e+002 7.483333e+001 3.866667e+001 3.866667e+001] Rachel
128 [9.583333e+001 5.150000e+001 4.133333e+001 4.133333e+001] Joey
129 [5.083333e+001 8.583333e+001 42 42] Monica
129 [1.291667e+002 5.516667e+001 42 42] Chandler
129 [2.095000e+002 7.116667e+001 4.066667e+001 4.066667e+001] Phoebe
130 [7.583333e+001 1.048333e+002 5.866667e+001 5.866667e+001] Monica
130 [1.845000e+002 5.716667e+001 6.466667e+001 6.466667e+001] Chandler
131 [7.950000e+001 1.091667e+002 4.733333e+001 4.733333e+001] Monica
131 [1.808333e+002 6.550000e+001 56 56] Chandler
132 [7.816667e+001 3.950000e+001 4.533333e+001 4.533333e+001] Joey
132 [1.908333e+002 6.383333e+001 46 46] Rachel
133 [7.183333e+001 1.111667e+002 4.866667e+001 4.866667e+001] Monica
133 [1.815000e+002 6.316667e+001 58 58] Chandler
134 [2.683333e+001 4.116667e+001 18 18] Joey
135 [1.601667e+002 4.516667e+001 30 30] Chandler
136 [6.983333e+001 1.031667e+002 50 50] Monica
136 [1.565000e+002 7.016667e+001 4.933333e+001 4.933333e+001] Chandler
140 [1.315000e+002 6.450000e+001 58 58] Joey
141 [1.925000e+002 7.050000e+001 2.733333e+001 2.733333e+001] Rachel
142 [1.505000e+002 7.116667e+001 5.666667e+001 5.666667e+001] Rachel
143 [1.615000e+002 6.750000e+001 5.866667e+001 5.866667e+001] Rachel
144 [8.416667e+001 6.250000e+001 58 58] Joey
145 [1.811667e+002 8.516667e+001 62 62] Rachel
146 [1.118333e+002 6.350000e+001 5.333333e+001 5.333333e+001] Joey
147 [1.228333e+002 6.516667e+001 54 54] Joey
148 [1.441667e+002 7.616667e+001 5.733333e+001 5.733333e+001] Rachel
149 [1.221667e+002 6.616667e+001 72 72] Joey
150 [1.468333e+002 7.283333e+001 6.266667e+001 6.266667e+001] Rachel
151 [1.458333e+002 6.983333e+001 6.333333e+001 6.333333e+001] Rachel
154 [1.251667e+002 8.916667e+001 94 94] Ross
155 [1.578333e+002 6.016667e+001 5.866667e+001 5.866667e+001] Rachel
156 [1.335000e+002 8.383333e+001 9.933333e+001 9.933333e+001] Ross
158 [1.195000e+002 6.783333e+001 7.133333e+001 7.133333e+001] Joey
161 [1.178333e+002 9.683333e+001 1.013333e+002 1.013333e+002] Ross
162 [8.516667e+001 3.783333e+001 3.133333e+001 3.133333e+001] Joey
163 [8.616667e+001 4.150000e+001 2.933333e+001 2.933333e+001] Joey
167 [1.468333e+002 6.516667e+001 5.266667e+001 5.266667e+001] Chandler
171 [1.171667e+002 6.783333e+001 6.066667e+001 6.066667e+001] Black
173 [1.101667e+002 6.283333e+001 56 56] Ross
174 [1.761667e+002 6.616667e+001 4.533333e+001 4.533333e+001] Ross
175 [9.816667e+001 8.450000e+001 4.866667e+001 4.866667e+001] Monica
176 [1.378333e+002 6.483333e+001 48 48] Phoebe
176 [1.368333e+002 6.583333e+001 46 46] Phoebe
178 [9.550000e+001 4.416667e+001 44 44] Chandler
179 [8.283333e+001 4.316667e+001 4.466667e+001 4.466667e+001] Chandler
180 [1.675000e+002 5.616667e+001 5.866667e+001 5.866667e+001] Ross
180 [6.116667e+001 6.050000e+001 5.266667e+001 5.266667e+001] Black
181 [1.415000e+002 6.950000e+001 52 52] Monica
182 [1.711667e+002 7.516667e+001 7.133333e+001 7.133333e+001] Ross
183 [1.711667e+002 5.783333e+001 54 54] Ross
183 [7.650000e+001 5.583333e+001 5.533333e+001 5.533333e+001] Black
184 [1.561667e+002 8.250000e+001 5.933333e+001 5.933333e+001] Monica
185 [1.068333e+002 7.450000e+001 6.066667e+001 6.066667e+001] Chandler
186 [1.671667e+002 5.683333e+001 1.466667e+001 1.466667e+001] Monica
189 [1.231667e+002 5.650000e+001 38 38] Ross
189 [7.850000e+001 6.283333e+001 4.133333e+001 4.133333e+001] Chandler
190 [9.083333e+001 7.016667e+001 4.533333e+001 4.533333e+001] Chandler
190 [1.271667e+002 6.883333e+001 5.066667e+001 5.066667e+001] Ross
190 [1.468333e+002 7.816667e+001 44 44] Joey
191 [8.050000e+001 6.783333e+001 6.333333e+001 6.333333e+001] Ross
191 [1.818333e+002 7.450000e+001 5.933333e+001 5.933333e+001] Joey
192 [6.650000e+001 6.050000e+001 66 66] Ross
192 [1.775000e+002 7.883333e+001 5.733333e+001 5.733333e+001] Joey
193 [7.883333e+001 5.716667e+001 6.733333e+001 6.733333e+001] Ross
193 [1.821667e+002 7.083333e+001 56 56] Joey
194 [1.005000e+002 6.916667e+001 50 50] Chandler
195 [2.018333e+002 8.016667e+001 5.466667e+001 5.466667e+001] Monica
196 [1.218333e+002 6.516667e+001 7.133333e+001 7.133333e+001] Phoebe
197 [1.201667e+002 6.416667e+001 72 72] Phoebe
198 [1.405000e+002 8.950000e+001 9.333333e+001 9.333333e+001] X
199 [1.285000e+002 1.021667e+002 92 92] X
200 [1.708333e+002 7.050000e+001 50 50] Phoebe
200 [1.061667e+002 6.716667e+001 54 54] X
Session: 3
3 [1.091667e+002 6.216667e+001 24 24] Chandler
4 [1.311667e+002 6.550000e+001 4.266667e+001 4.266667e+001] Monica
7 [1.721667e+002 6.116667e+001 5.533333e+001 5.533333e+001] Phoebe
8 [1.435000e+002 6.116667e+001 4.733333e+001 4.733333e+001] Phoebe
9 [1.468333e+002 5.750000e+001 5.066667e+001 5.066667e+001] Phoebe
10 [1.565000e+002 6.316667e+001 54 54] Phoebe
11 [1.925000e+002 5.616667e+001 4.933333e+001 4.933333e+001] Chandler
12 [1.998333e+002 1.185000e+002 62 62] Monica
12 [2.141667e+002 5.716667e+001 3.666667e+001 3.666667e+001] Phoebe
15 [1.268333e+002 7.150000e+001 5.466667e+001 5.466667e+001] Ross
16 [9.416667e+001 5.383333e+001 4.066667e+001 4.066667e+001] Chandler
16 [1.555000e+002 6.316667e+001 4.866667e+001 4.866667e+001] Phoebe
16 [2.065000e+002 1.098333e+002 46 46] Monica
17 [9.883333e+001 5.950000e+001 36 36] Chandler
17 [1.545000e+002 6.716667e+001 3.933333e+001 3.933333e+001] Phoebe
17 [2.155000e+002 1.111667e+002 46 46] Monica
18 [1.008333e+002 6.016667e+001 36 36] Chandler
18 [1.531667e+002 6.250000e+001 4.066667e+001 4.066667e+001] Phoebe
18 [2.131667e+002 1.085000e+002 4.466667e+001 4.466667e+001] Monica
19 [1.908333e+002 5.483333e+001 3.066667e+001 3.066667e+001] Chandler
24 [1.271667e+002 7.616667e+001 6.666667e+001 6.666667e+001] Joey
25 [1.348333e+002 6.650000e+001 50 50] Rachel
26 [1.285000e+002 7.916667e+001 6.066667e+001 6.066667e+001] Phoebe
28 [1.285000e+002 5.216667e+001 40 40] Chandler
28 [1.151667e+002 1.055000e+002 4.266667e+001 4.266667e+001] Monica
28 [8.083333e+001 1.481667e+002 4.933333e+001 4.933333e+001] Phoebe
29 [1.225000e+002 4.083333e+001 4.533333e+001 4.533333e+001] Joey
29 [1.605000e+002 6.550000e+001 4.533333e+001 4.533333e+001] Rachel
30 [1.251667e+002 5.016667e+001 44 44] Joey
31 [7.916667e+001 9.816667e+001 3.466667e+001 3.466667e+001] Monica
31 [1.595000e+002 6.683333e+001 32 32] Chandler
34 [1.321667e+002 6.216667e+001 3.733333e+001 3.733333e+001] Chandler
35 [1.348333e+002 7.050000e+001 94 94] Rachel
35 [2.215000e+002 4.983333e+001 94 94] Chandler
36 [1.408333e+002 8.083333e+001 5.333333e+001 5.333333e+001] Monica
37 [1.651667e+002 7.216667e+001 6.333333e+001 6.333333e+001] Phoebe
38 [1.428333e+002 6.083333e+001 6.666667e+001 6.666667e+001] Joey
39 [1.261667e+002 7.616667e+001 9.333333e+001 9.333333e+001] Chandler
40 [1.218333e+002 5.883333e+001 4.933333e+001 4.933333e+001] Ross
43 [1.628333e+002 3.350000e+001 3.733333e+001 3.733333e+001] Chandler
43 [1.548333e+002 7.983333e+001 3.133333e+001 3.133333e+001] Monica
43 [1.391667e+002 1.258333e+002 38 38] Phoebe
44 [1.348333e+002 7.716667e+001 5.666667e+001 5.666667e+001] Rachel
45 [1.125000e+002 5.250000e+001 5.933333e+001 5.933333e+001] Joey
46 [1.481667e+002 7.850000e+001 54 54] Rachel
47 [1.535000e+002 7.316667e+001 58 58] Rachel
48 [1.465000e+002 7.516667e+001 58 58] Rachel
50 [1.585000e+002 4.683333e+001 32 32] Chandler
50 [1.331667e+002 9.516667e+001 3.933333e+001 3.933333e+001] Monica
50 [9.816667e+001 1.431667e+002 4.733333e+001 4.733333e+001] Phoebe
51 [5.283333e+001 1.291667e+002 3.666667e+001 3.666667e+001] Monica
53 [1.608333e+002 6.850000e+001 5.933333e+001 5.933333e+001] Phoebe
55 [1.838333e+002 9.283333e+001 5.733333e+001 5.733333e+001] Monica
56 [2.175000e+002 2.950000e+001 2.266667e+001 2.266667e+001] Monica
57 [4.016667e+001 6.683333e+001 24 24] Chandler
58 [5.816667e+001 7.550000e+001 40 40] Chandler
59 [1.525000e+002 5.550000e+001 4.933333e+001 4.933333e+001] Monica
60 [1.525000e+002 5.750000e+001 5.333333e+001 5.333333e+001] Monica
61 [4.950000e+001 6.016667e+001 3.066667e+001 3.066667e+001] Chandler
62 [1.125000e+002 6.350000e+001 3.466667e+001 3.466667e+001] Chandler
62 [6.183333e+001 6.883333e+001 3.333333e+001 3.333333e+001] Monica
64 [1.348333e+002 7.716667e+001 5.133333e+001 5.133333e+001] Ross
65 [1.331667e+002 7.483333e+001 4.133333e+001 4.133333e+001] Ross
66 [5.983333e+001 5.983333e+001 2.466667e+001 2.466667e+001] Black
67 [7.683333e+001 5.783333e+001 3.333333e+001 3.333333e+001] Black
67 [1.735000e+002 8.950000e+001 36 36] Ross
68 [1.561667e+002 6.283333e+001 6.266667e+001 6.266667e+001] Ross
69 [1.625000e+002 6.416667e+001 5.733333e+001 5.733333e+001] Ross
70 [1.021667e+002 5.916667e+001 5.933333e+001 5.933333e+001] Ross
71 [1.655000e+002 6.483333e+001 6.533333e+001 6.533333e+001] Ross
72 [7.683333e+001 4.316667e+001 4.066667e+001 4.066667e+001] Black
72 [1.811667e+002 4.550000e+001 5.066667e+001 5.066667e+001] Ross
73 [1.558333e+002 6.383333e+001 6.333333e+001 6.333333e+001] Ross
73 [7.450000e+001 5.283333e+001 5.866667e+001 5.866667e+001] Black
74 [1.525000e+002 6.416667e+001 5.733333e+001 5.733333e+001] Ross
75 [1.505000e+002 6.883333e+001 6.266667e+001 6.266667e+001] Ross
75 [6.816667e+001 6.783333e+001 5.533333e+001 5.533333e+001] Black
76 [7.450000e+001 5.416667e+001 4.533333e+001 4.533333e+001] Chandler
76 [1.255000e+002 9.683333e+001 4.933333e+001 4.933333e+001] Monica
76 [2.155000e+002 9.816667e+001 5.866667e+001 5.866667e+001] Phoebe
77 [7.616667e+001 5.583333e+001 42 42] Chandler
77 [1.248333e+002 9.516667e+001 42 42] Monica
77 [2.205000e+002 9.750000e+001 5.466667e+001 5.466667e+001] Phoebe
78 [7.616667e+001 5.416667e+001 48 48] Monica
78 [2.155000e+002 9.750000e+001 5.066667e+001 5.066667e+001] Monica
78 [2.171667e+002 9.916667e+001 4.866667e+001 4.866667e+001] Phoebe
79 [1.138333e+002 5.883333e+001 4.666667e+001 4.666667e+001] Chandler
79 [1.891667e+002 9.583333e+001 4.066667e+001 4.066667e+001] Monica
80 [2.155000e+002 9.916667e+001 6.066667e+001 6.066667e+001] Phoebe
80 [1.441667e+002 5.783333e+001 42 42] Chandler
80 [1.698333e+002 9.483333e+001 44 44] Monica
80 [2.141667e+002 9.816667e+001 76 76] Phoebe
81 [8.916667e+001 5.550000e+001 3.333333e+001 3.333333e+001] Ross
81 [1.531667e+002 6.083333e+001 4.266667e+001 4.266667e+001] Chandler
81 [1.761667e+002 9.916667e+001 46 46] Monica
81 [2.251667e+002 1.025000e+002 70 70] Phoebe
82 [5.516667e+001 5.150000e+001 3.466667e+001 3.466667e+001] Ross
82 [1.538333e+002 5.983333e+001 3.933333e+001 3.933333e+001] Chandler
82 [1.728333e+002 9.650000e+001 4.066667e+001 4.066667e+001] Monica
82 [2.201667e+002 9.883333e+001 5.866667e+001 5.866667e+001] Phoebe
83 [5.550000e+001 5.450000e+001 34 34] y
83 [5.416667e+001 5.483333e+001 36 36] Ross
83 [1.568333e+002 6.016667e+001 4.133333e+001 4.133333e+001] Chandler
83 [1.785000e+002 9.550000e+001 44 44] y
83 [1.771667e+002 9.350000e+001 44 44] Monica
83 [2.181667e+002 1.001667e+002 60 60] Phoebe
84 [5.816667e+001 5.416667e+001 32 32] Ross
84 [1.525000e+002 6.116667e+001 3.933333e+001 3.933333e+001] Chandler
84 [1.761667e+002 9.483333e+001 3.866667e+001 3.866667e+001] Monica
84 [2.205000e+002 8.983333e+001 7.133333e+001 7.133333e+001] Phoebe
85 [5.583333e+001 5.183333e+001 3.133333e+001 3.133333e+001] Ross
85 [1.531667e+002 5.716667e+001 46 46] Chandler
85 [1.808333e+002 9.516667e+001 3.933333e+001 3.933333e+001] Monica
85 [2.285000e+002 9.383333e+001 6.733333e+001 6.733333e+001] Phoebe
86 [1.885000e+002 9.516667e+001 38 38] Monica
88 [1.918333e+002 6.750000e+001 3.733333e+001 3.733333e+001] Chandler
89 [1.608333e+002 4.016667e+001 1.466667e+001 1.466667e+001] Ross
89 [2.211667e+002 4.083333e+001 1.866667e+001 1.866667e+001] Chandler
91 [1.668333e+002 4.116667e+001 1.933333e+001 1.933333e+001] Chandler
94 [7.416667e+001 1.041667e+002 4.666667e+001 4.666667e+001] Monica
95 [1.221667e+002 4.450000e+001 26 26] Chandler
95 [7.050000e+001 6.016667e+001 24 24] Monica
99 [4.283333e+001 5.616667e+001 1.866667e+001 1.866667e+001] Rachel
101 [1.235000e+002 7.483333e+001 56 56] Joey
102 [2.341667e+002 5.116667e+001 2.066667e+001 2.066667e+001] y
102 [2.338333e+002 5.183333e+001 22 22] Joey
106 [1.165000e+002 5.450000e+001 4.466667e+001 4.466667e+001] Rachel
110 [1.651667e+002 6.250000e+001 3.933333e+001 3.933333e+001] Ross
111 [1.205000e+002 2.483333e+001 12 12] Chandler
111 [9.083333e+001 4.583333e+001 18 18] Monica
111 [6.383333e+001 6.883333e+001 2.133333e+001 2.133333e+001] Phoebe
112 [1.131667e+002 6.650000e+001 5.666667e+001 5.666667e+001] Phoebe
113 [1.018333e+002 1.783333e+001 30 30] Monica
114 [4.750000e+001 4.483333e+001 2.533333e+001 2.533333e+001] Ross
115 [1.575000e+002 4.916667e+001 2.733333e+001 2.733333e+001] Ross
117 [1.625000e+002 6.283333e+001 24 24] Rachel
118 [1.871667e+002 4.450000e+001 3.133333e+001 3.133333e+001] Ross
118 [4.416667e+001 6.283333e+001 20 20] Rachel
119 [1.401667e+002 6.016667e+001 5.333333e+001 5.333333e+001] Rachel
120 [1.598333e+002 7.083333e+001 5.466667e+001 5.466667e+001] Ross
122 [1.261667e+002 5.716667e+001 2.066667e+001 2.066667e+001] Rachel
123 [1.298333e+002 5.616667e+001 3.333333e+001 3.333333e+001] Rachel
124 [1.685000e+002 5.083333e+001 1.866667e+001 1.866667e+001] Joey
124 [2.271667e+002 5.483333e+001 16 16] Monica
125 [1.011667e+002 6.116667e+001 50 50] Joey
125 [1.795000e+002 8.850000e+001 4.733333e+001 4.733333e+001] Rachel
126 [1.778333e+002 7.916667e+001 4.466667e+001 4.466667e+001] Rachel
126 [9.916667e+001 5.550000e+001 4.133333e+001 4.133333e+001] Joey
127 [1.035000e+002 4.583333e+001 50 50] Joey
127 [1.938333e+002 6.983333e+001 38 38] Rachel
128 [1.801667e+002 7.216667e+001 5.066667e+001 5.066667e+001] Rachel
128 [9.783333e+001 4.983333e+001 4.733333e+001 4.733333e+001] Joey
129 [5.116667e+001 8.616667e+001 40 40] Monica
129 [1.305000e+002 5.450000e+001 46 46] Chandler
129 [2.091667e+002 7.216667e+001 4.266667e+001 4.266667e+001] Phoebe
130 [7.783333e+001 1.035000e+002 5.733333e+001 5.733333e+001] Monica
130 [1.868333e+002 5.616667e+001 64 64] Chandler
130 [1.861667e+002 5.616667e+001 6.266667e+001 6.266667e+001] Chandler
130 [7.716667e+001 1.011667e+002 5.666667e+001 5.666667e+001] Monica
131 [7.983333e+001 1.091667e+002 5.266667e+001 5.266667e+001] Monica
131 [1.805000e+002 6.683333e+001 5.733333e+001 5.733333e+001] Chandler
132 [1.915000e+002 6.883333e+001 3.866667e+001 3.866667e+001] Rachel
133 [7.183333e+001 1.085000e+002 50 50] Monica
133 [1.828333e+002 6.650000e+001 58 58] Chandler
135 [1.598333e+002 4.583333e+001 2.066667e+001 2.066667e+001] Chandler
136 [1.581667e+002 6.983333e+001 5.266667e+001 5.266667e+001] Chandler
139 [7.150000e+001 5.950000e+001 28 28] Rachel
139 [7.050000e+001 5.816667e+001 3.466667e+001 3.466667e+001] Joey
140 [1.335000e+002 6.616667e+001 6.133333e+001 6.133333e+001] Joey
141 [1.938333e+002 7.050000e+001 3.933333e+001 3.933333e+001] Rachel
142 [1.525000e+002 7.083333e+001 5.466667e+001 5.466667e+001] Rachel
143 [1.621667e+002 6.550000e+001 5.466667e+001 5.466667e+001] Rachel
144 [8.383333e+001 6.316667e+001 54 54] Joey
145 [1.835000e+002 8.616667e+001 6.933333e+001 6.933333e+001] Rachel
146 [1.121667e+002 6.583333e+001 5.933333e+001 5.933333e+001] Joey
147 [1.255000e+002 6.583333e+001 5.666667e+001 5.666667e+001] Joey
148 [1.431667e+002 7.583333e+001 5.533333e+001 5.533333e+001] Rachel
149 [1.255000e+002 6.950000e+001 6.933333e+001 6.933333e+001] Joey
150 [1.491667e+002 7.350000e+001 68 68] Rachel
151 [1.478333e+002 7.050000e+001 6.466667e+001 6.466667e+001] Rachel
154 [1.285000e+002 9.416667e+001 1.013333e+002 1.013333e+002] Ross
155 [1.601667e+002 6.150000e+001 6.133333e+001 6.133333e+001] Rachel
156 [1.368333e+002 9.550000e+001 128 128] Ross
158 [1.215000e+002 6.883333e+001 64 64] Joey
161 [1.228333e+002 9.483333e+001 1.053333e+002 1.053333e+002] Ross
162 [8.583333e+001 3.683333e+001 2.666667e+001 2.666667e+001] Joey
163 [8.916667e+001 4.183333e+001 2.866667e+001 2.866667e+001] Joey
164 [2.091667e+002 6.050000e+001 18 18] Ross
164 [4.350000e+001 5.850000e+001 1.666667e+001 1.666667e+001] Chandler
165 [1.958333e+002 4.250000e+001 22 22] Ross
166 [2.105000e+002 4.350000e+001 1.466667e+001 1.466667e+001] Chandler
167 [1.485000e+002 6.483333e+001 5.466667e+001 5.466667e+001] Chandler
171 [1.178333e+002 6.916667e+001 5.533333e+001 5.533333e+001] Black
172 [1.258333e+002 7.016667e+001 64 64] Black
173 [1.125000e+002 6.216667e+001 52 52] Ross
174 [1.805000e+002 6.683333e+001 4.533333e+001 4.533333e+001] Ross
175 [1.008333e+002 8.250000e+001 4.733333e+001 4.733333e+001] Monica
175 [2.398333e+002 5.116667e+001 5.533333e+001 5.533333e+001] Phoebe
176 [1.375000e+002 6.483333e+001 52 52] Phoebe
178 [9.616667e+001 4.383333e+001 3.933333e+001 3.933333e+001] Chandler
179 [8.716667e+001 4.750000e+001 40 40] Chandler
180 [1.698333e+002 5.650000e+001 4.866667e+001 4.866667e+001] Ross
180 [6.350000e+001 6.016667e+001 4.666667e+001 4.666667e+001] Black
181 [1.425000e+002 6.816667e+001 5.333333e+001 5.333333e+001] Monica
182 [1.721667e+002 7.350000e+001 68 68] Ross
182 [9.583333e+001 7.550000e+001 5.733333e+001 5.733333e+001] Black
183 [1.725000e+002 5.750000e+001 4.933333e+001 4.933333e+001] Ross
183 [7.616667e+001 5.583333e+001 54 54] Black
184 [1.545000e+002 7.950000e+001 5.333333e+001 5.333333e+001] Monica
185 [1.078333e+002 7.150000e+001 5.733333e+001 5.733333e+001] Chandler
186 [1.671667e+002 5.750000e+001 1.466667e+001 1.466667e+001] Monica
189 [1.248333e+002 5.850000e+001 3.533333e+001 3.533333e+001] Ross
189 [7.883333e+001 6.516667e+001 34 34] Chandler
189 [1.821667e+002 6.283333e+001 4.266667e+001 4.266667e+001] Joey
190 [9.050000e+001 7.250000e+001 4.466667e+001 4.466667e+001] Chandler
190 [1.291667e+002 6.750000e+001 4.533333e+001 4.533333e+001] Ross
190 [1.495000e+002 7.683333e+001 4.533333e+001 4.533333e+001] Joey
191 [7.916667e+001 6.383333e+001 62 62] Ross
191 [1.805000e+002 7.383333e+001 62 62] Joey
192 [6.650000e+001 6.183333e+001 6.466667e+001 6.466667e+001] Ross
192 [1.778333e+002 7.950000e+001 6.266667e+001 6.266667e+001] Joey
193 [7.716667e+001 5.883333e+001 5.866667e+001 5.866667e+001] Ross
193 [1.815000e+002 7.183333e+001 62 62] Joey
194 [1.025000e+002 7.183333e+001 4.866667e+001 4.866667e+001] Chandler
195 [2.008333e+002 8.016667e+001 4.266667e+001 4.266667e+001] Monica
195 [1.095000e+002 3.250000e+001 1.133333e+001 1.133333e+001] Ross
196 [1.228333e+002 6.550000e+001 6.933333e+001 6.933333e+001] Phoebe
197 [1.205000e+002 6.650000e+001 6.733333e+001 6.733333e+001] Phoebe
198 [1.425000e+002 8.850000e+001 9.533333e+001 9.533333e+001] X
198 [2.208333e+002 1.028333e+002 8.133333e+001 8.133333e+001] Phoebe
199 [1.265000e+002 9.850000e+001 9.666667e+001 9.666667e+001] X
199 [2.251667e+002 9.750000e+001 8.266667e+001 8.266667e+001] Phoebe
200 [1.071667e+002 6.383333e+001 5.666667e+001 5.666667e+001] X
200 [1.721667e+002 6.916667e+001 54 54] Phoebe
