video2.mat
Observer: Ahmed
Session: 2
7 [153 4.300000e+01 28 37] Phoebe
8 [129 5.100000e+01 24 26] Phoebe
9 [131 4.500000e+01 26 34] Phoebe
11 [178 4.200000e+01 26 31] Chandler
12 [182 1.040000e+02 36 42] Monica
15 [105 5.100000e+01 38 48] Ross
16 [84 4.400000e+01 17 32] Chandler
17 [145 5.500000e+01 20 26] Phoebe
18 [83 4.700000e+01 26 31] Chandler
18 [141 5.300000e+01 24 26] Phoebe
18 [199 9.200000e+01 23 35] Monica
26 [118 5.800000e+01 28 40] Phoebe
28 [101 9.000000e+01 24 31] Monica
28 [116 4.300000e+01 20 26] Chandler
29 [109 2.400000e+01 28 31] Joey
34 [114 5.000000e+01 37 32] Chandler
35 [103 4.400000e+01 57 61] Rachel
36 [120 6.100000e+01 42 43] Monica
37 [134 4.800000e+01 54 43] Phoebe
38 [117 4.600000e+01 34 42] Joey
39 [95 4.700000e+01 62 64] Chandler
40 [103 4.000000e+01 36 38] Ross
43 [141 6.700000e+01 23 28] Monica
43 [151 2.200000e+01 21 29] Chandler
47 [130 5.400000e+01 43 48] Rachel
50 [119 8.600000e+01 24 25] Monica
50 [145 3.600000e+01 23 28] Chandler
50 [81 1.280000e+02 22 33] Phoebe
51 [39 1.100000e+02 26 35] Monica
53 [151 5.000000e+01 25 43] Phoebe
55 [169 7.400000e+01 23 43] Monica
58 [41 6.100000e+01 33 31] Chandler
59 [137 3.900000e+01 27 35] Monica
62 [97 5.500000e+01 25 23] Chandler
64 [117 5.900000e+01 36 32] Ross
68 [136 4.700000e+01 33 42] Ross
69 [148 4.600000e+01 26 45] Ross
70 [77 4.100000e+01 39 43] Dunno
71 [148 4.900000e+01 31 38] Ross
72 [64 2.400000e+01 23 41] Dunno
72 [164 2.900000e+01 28 33] Ross
73 [134 4.100000e+01 31 45] Ross
74 [134 4.200000e+01 34 47] Ross
76 [114 8.400000e+01 22 30] Monica
76 [60 3.600000e+01 27 40] Chandler
77 [60 4.500000e+01 22 30] Chandler
77 [109 8.000000e+01 27 36] Monica
78 [61 3.700000e+01 30 39] Chandler
78 [111 7.600000e+01 23 38] Monica
79 [177 7.700000e+01 23 38] Monica
80 [202 8.700000e+01 30 35] Phoebe
80 [130 4.900000e+01 26 31] Chandler
80 [155 8.600000e+01 23 31] Monica
81 [78 4.700000e+01 19 22] Ross
81 [142 5.300000e+01 23 26] Chandler
81 [209 9.200000e+01 29 34] Phoebe
81 [165 8.800000e+01 13 31] Monica
82 [209 8.500000e+01 26 40] Phoebe
82 [45 4.200000e+01 22 24] Ross
82 [136 5.400000e+01 27 28] Chandler
82 [158 8.800000e+01 25 29] Monica
83 [202 8.600000e+01 29 41] Phoebe
83 [139 5.800000e+01 24 20] Chandler
83 [46 4.600000e+01 19 21] Ross
84 [49 4.200000e+01 21 29] Ross
84 [142 5.600000e+01 20 25] Chandler
84 [168 8.300000e+01 22 32] Monica
84 [215 8.000000e+01 27 38] Phoebe
85 [45 4.500000e+01 23 27] Ross
85 [209 8.200000e+01 32 36] Phoebe
85 [144 5.600000e+01 20 24] Chandler
86 [173 8.000000e+01 24 30] Monica
88 [178 5.400000e+01 22 33] Chandler
94 [57 9.300000e+01 33 29] Monica
95 [113 3.900000e+01 15 15] Chandler
101 [104 5.100000e+01 32 45] Joey
106 [106 4.500000e+01 18 28] Rachel
110 [154 4.800000e+01 25 30] Ross
118 [176 3.200000e+01 21 29] Ross
119 [127 4.400000e+01 26 35] Rachel
120 [142 5.500000e+01 30 41] Ross
125 [167 7.000000e+01 22 36] Rachel
125 [85 4.400000e+01 30 33] Joey
126 [162 6.400000e+01 22 32] Rachel
128 [166 6.200000e+01 25 29] Rachel
129 [41 7.700000e+01 22 23] Monica
129 [115 4.400000e+01 24 32] Chandler
129 [198 6.000000e+01 19 29] Phoebe
130 [61 8.600000e+01 28 43] Monica
130 [168 4.500000e+01 31 40] Chandler
131 [62 9.000000e+01 30 40] Monica
132 [63 2.900000e+01 26 36] Joey
132 [179 5.500000e+01 25 28] Rachel
133 [53 9.300000e+01 35 37] Monica
133 [159 4.800000e+01 36 40] Chandler
136 [56 8.800000e+01 27 36] Monica
136 [140 5.600000e+01 31 36] Chandler
140 [114 4.500000e+01 33 45] Joey
142 [133 5.200000e+01 32 45] Rachel
143 [144 4.900000e+01 30 41] Rachel
144 [70 4.900000e+01 31 37] Joey
145 [164 6.900000e+01 25 33] Rachel
148 [132 5.800000e+01 24 42] Rachel
149 [98 4.600000e+01 45 59] Joey
150 [130 5.200000e+01 33 51] Rachel
151 [123 5.000000e+01 37 52] Rachel
154 [91 5.900000e+01 63 74] Ross
155 [136 3.800000e+01 36 49] Rachel
156 [105 4.500000e+01 59 83] Ross
158 [102 4.700000e+01 40 54] Joey
161 [85 5.700000e+01 70 77] Ross
162 [72 2.800000e+01 22 23] Joey
163 [76 3.100000e+01 21 24] Joey
167 [130 4.600000e+01 33 41] Chandler
171 [98 4.600000e+01 40 45] Dunno
172 [109 4.800000e+01 33 49] Dunno
173 [94 3.800000e+01 33 46] Ross
174 [160 4.900000e+01 34 39] Ross
175 [82 6.100000e+01 29 42] Monica
176 [122 4.800000e+01 27 39] Phoebe
178 [78 3.200000e+01 34 33] Chandler
179 [70 3.000000e+01 26 35] Chandler
180 [151 3.600000e+01 31 47] Ross
181 [122 5.000000e+01 36 42] Monica
182 [152 4.800000e+01 30 50] Ross
183 [158 3.700000e+01 21 38] Ross
183 [68 4.000000e+01 28 35] Dunno
184 [133 6.400000e+01 38 37] Monica
185 [93 5.500000e+01 23 43] Chandler
186 [159 5.100000e+01 15 14] Monica
189 [110 4.300000e+01 26 27] Ross
190 [68 5.800000e+01 36 37] Chandler
191 [71 4.200000e+01 27 48] Ross
192 [51 4.000000e+01 34 42] Ross
193 [60 3.700000e+01 34 52] Ross
194 [85 5.800000e+01 28 35] Chandler
195 [185 6.800000e+01 30 33] Monica
196 [95 4.400000e+01 47 51] Phoebe
197 [91 4.500000e+01 43 53] Phoebe
198 [116 5.900000e+01 44 74] Dunno2