video2.mat
Observer: Ahmed
Session: 1
3 [100 5.300000e+01 12 15] Chandler
7 [155 4.700000e+01 24 38] Phoebe
8 [130 4.700000e+01 25 30] Phoebe
9 [131 4.200000e+01 24 36] Phoebe
11 [178 4.300000e+01 26 29] Chandler
12 [186 1.010000e+02 33 44] Monica
15 [106 5.400000e+01 41 40] Ross
16 [85 4.200000e+01 20 29] Chandler
17 [89 4.900000e+01 22 25] Chandler
18 [145 5.600000e+01 20 24] Phoebe
18 [88 5.000000e+01 22 24] Chandler
19 [183 4.600000e+01 17 21] Chandler
26 [116 6.500000e+01 33 38] Phoebe
29 [111 2.600000e+01 27 35] Joey
34 [115 5.000000e+01 36 31] Chandler
35 [107 4.000000e+01 54 70] Rachel
36 [124 6.700000e+01 36 34] Monica
37 [141 4.800000e+01 40 39] Phoebe
38 [122 5.200000e+01 37 38] Joey
39 [99 4.700000e+01 57 61] Chandler
40 [107 4.400000e+01 30 36] Ross
44 [118 5.900000e+01 34 41] Rachel
47 [133 5.800000e+01 39 41] Rachel
50 [123 8.700000e+01 20 23] Monica
50 [106 1.300000e+02 -19 28] Phoebe
50 [146 3.800000e+01 21 24] Chandler
53 [152 5.200000e+01 27 38] Phoebe
55 [168 8.000000e+01 30 38] Monica
58 [42 6.200000e+01 29 28] Chandler
59 [138 4.000000e+01 30 37] Monica
62 [100 5.400000e+01 23 23] Chandler
64 [113 6.200000e+01 38 31] Ross
68 [136 4.800000e+01 33 40] Ross
69 [144 5.200000e+01 32 41] Ross
70 [83 4.200000e+01 36 40] Dunno
71 [147 4.600000e+01 34 43] Ross
72 [166 2.700000e+01 28 43] Ross
72 [59 3.000000e+01 32 35] Dunno
73 [131 4.200000e+01 40 53] Ross
74 [132 4.200000e+01 35 49] Ross
76 [112 8.400000e+01 26 33] Monica
76 [56 4.200000e+01 30 36] Chandler
77 [60 4.400000e+01 28 33] Chandler
77 [114 8.300000e+01 23 32] Monica
78 [113 7.900000e+01 24 31] Monica
78 [61 4.300000e+01 29 31] Chandler
79 [175 8.000000e+01 25 30] Monica
80 [203 8.800000e+01 29 35] Phoebe
80 [129 5.100000e+01 25 28] Chandler
80 [154 8.600000e+01 26 33] Monica
81 [78 4.400000e+01 17 29] Ross
81 [142 5.400000e+01 21 29] Chandler
81 [209 8.800000e+01 31 39] Phoebe
81 [161 8.600000e+01 23 32] Monica
82 [44 4.300000e+01 24 27] Ross
82 [207 8.700000e+01 29 35] Phoebe
82 [158 8.400000e+01 25 35] Monica
82 [137 5.400000e+01 25 27] Chandler
83 [199 8.400000e+01 36 43] Phoebe
83 [45 4.500000e+01 19 23] Ross
83 [140 5.300000e+01 20 29] Chandler
84 [45 4.300000e+01 23 30] Ross
84 [167 8.600000e+01 22 28] Monica
84 [141 5.400000e+01 21 26] Chandler
85 [210 8.000000e+01 33 39] Phoebe
85 [48 4.500000e+01 18 25] Ross
85 [139 5.100000e+01 25 28] Chandler
86 [176 8.000000e+01 20 29] Monica
88 [182 5.500000e+01 20 28] Chandler
94 [0 1.610000e+02 0 0] Monica
95 [115 4.000000e+01 13 15] Chandler
101 [105 5.500000e+01 30 39] Joey
106 [106 4.500000e+01 19 24] Rachel
110 [156 4.800000e+01 21 32] Ross
118 [177 3.400000e+01 19 26] Ross
119 [128 4.600000e+01 22 29] Rachel
120 [140 5.400000e+01 33 40] Ross
125 [169 7.300000e+01 19 28] Rachel
125 [87 4.600000e+01 26 29] Joey
126 [164 6.800000e+01 21 25] Rachel
128 [169 6.100000e+01 21 29] Rachel
129 [39 7.500000e+01 23 31] Monica
129 [116 4.600000e+01 21 28] Chandler
129 [196 6.100000e+01 23 28] Phoebe
130 [60 8.400000e+01 30 44] Monica
130 [165 4.500000e+01 31 36] Chandler
131 [63 9.200000e+01 29 36] Monica
132 [59 2.900000e+01 30 32] Joey
133 [165 4.800000e+01 27 38] Chandler
133 [60 9.600000e+01 24 31] Monica
135 [154 4.000000e+01 13 17] Chandler
136 [142 5.700000e+01 25 35] Chandler
136 [54 8.900000e+01 27 31] Monica
140 [115 4.800000e+01 33 44] Joey
142 [132 5.300000e+01 34 37] Rachel
143 [146 4.700000e+01 26 41] Rachel
145 [163 6.800000e+01 32 40] Rachel
148 [125 6.100000e+01 31 41] Rachel
150 [126 5.000000e+01 34 52] Rachel
151 [127 5.200000e+01 30 46] Rachel
154 [97 6.000000e+01 58 78] Ross
155 [138 4.100000e+01 31 45] Rachel
156 [104 5.500000e+01 56 73] Ross
158 [100 5.100000e+01 42 47] Joey
161 [90 6.100000e+01 57 81] Ross
162 [74 2.700000e+01 19 23] Joey
163 [80 3.300000e+01 15 24] Joey
167 [129 5.000000e+01 34 39] Chandler
171 [95 5.100000e+01 36 44] Dunno
174 [165 5.000000e+01 28 40] Ross
175 [82 6.500000e+01 30 37] Monica
176 [119 4.900000e+01 32 40] Phoebe
178 [82 3.000000e+01 27 29] Chandler
180 [149 3.400000e+01 32 46] Ross
181 [126 5.000000e+01 25 41] Monica
182 [149 5.300000e+01 36 52] Ross
183 [157 4.000000e+01 28 37] Ross
184 [135 6.200000e+01 34 47] Monica
186 [161 5.100000e+01 9 12] Monica
190 [74 6.200000e+01 29 29] Chandler
191 [67 4.800000e+01 28 42] Ross
192 [51 3.900000e+01 35 47] Ross
193 [66 3.700000e+01 29 45] Ross
194 [86 6.000000e+01 28 31] Chandler
195 [192 6.900000e+01 21 28] Monica
196 [100 4.700000e+01 38 44] Phoebe
197 [96 4.800000e+01 41 44] Phoebe
198 [115 6.700000e+01 46 68] Dunno2
Session: 2
7 [153 4.300000e+01 28 37] Phoebe
8 [129 5.100000e+01 24 26] Phoebe
9 [131 4.500000e+01 26 34] Phoebe
11 [178 4.200000e+01 26 31] Chandler
12 [182 1.040000e+02 36 42] Monica
15 [105 5.100000e+01 38 48] Ross
16 [84 4.400000e+01 17 32] Chandler
17 [145 5.500000e+01 20 26] Phoebe
18 [83 4.700000e+01 26 31] Chandler
18 [141 5.300000e+01 24 26] Phoebe
18 [199 9.200000e+01 23 35] Monica
26 [118 5.800000e+01 28 40] Phoebe
28 [101 9.000000e+01 24 31] Monica
28 [116 4.300000e+01 20 26] Chandler
29 [109 2.400000e+01 28 31] Joey
34 [114 5.000000e+01 37 32] Chandler
35 [103 4.400000e+01 57 61] Rachel
36 [120 6.100000e+01 42 43] Monica
37 [134 4.800000e+01 54 43] Phoebe
38 [117 4.600000e+01 34 42] Joey
39 [95 4.700000e+01 62 64] Chandler
40 [103 4.000000e+01 36 38] Ross
43 [141 6.700000e+01 23 28] Monica
43 [151 2.200000e+01 21 29] Chandler
47 [130 5.400000e+01 43 48] Rachel
50 [119 8.600000e+01 24 25] Monica
50 [145 3.600000e+01 23 28] Chandler
50 [81 1.280000e+02 22 33] Phoebe
51 [39 1.100000e+02 26 35] Monica
53 [151 5.000000e+01 25 43] Phoebe
55 [169 7.400000e+01 23 43] Monica
58 [41 6.100000e+01 33 31] Chandler
59 [137 3.900000e+01 27 35] Monica
62 [97 5.500000e+01 25 23] Chandler
64 [117 5.900000e+01 36 32] Ross
68 [136 4.700000e+01 33 42] Ross
69 [148 4.600000e+01 26 45] Ross
70 [77 4.100000e+01 39 43] Dunno
71 [148 4.900000e+01 31 38] Ross
72 [64 2.400000e+01 23 41] Dunno
72 [164 2.900000e+01 28 33] Ross
73 [134 4.100000e+01 31 45] Ross
74 [134 4.200000e+01 34 47] Ross
76 [114 8.400000e+01 22 30] Monica
76 [60 3.600000e+01 27 40] Chandler
77 [60 4.500000e+01 22 30] Chandler
77 [109 8.000000e+01 27 36] Monica
78 [61 3.700000e+01 30 39] Chandler
78 [111 7.600000e+01 23 38] Monica
79 [177 7.700000e+01 23 38] Monica
80 [202 8.700000e+01 30 35] Phoebe
80 [130 4.900000e+01 26 31] Chandler
80 [155 8.600000e+01 23 31] Monica
81 [78 4.700000e+01 19 22] Ross
81 [142 5.300000e+01 23 26] Chandler
81 [209 9.200000e+01 29 34] Phoebe
81 [165 8.800000e+01 13 31] Monica
82 [209 8.500000e+01 26 40] Phoebe
82 [45 4.200000e+01 22 24] Ross
82 [136 5.400000e+01 27 28] Chandler
82 [158 8.800000e+01 25 29] Monica
83 [202 8.600000e+01 29 41] Phoebe
83 [139 5.800000e+01 24 20] Chandler
83 [46 4.600000e+01 19 21] Ross
84 [49 4.200000e+01 21 29] Ross
84 [142 5.600000e+01 20 25] Chandler
84 [168 8.300000e+01 22 32] Monica
84 [215 8.000000e+01 27 38] Phoebe
85 [45 4.500000e+01 23 27] Ross
85 [209 8.200000e+01 32 36] Phoebe
85 [144 5.600000e+01 20 24] Chandler
86 [173 8.000000e+01 24 30] Monica
88 [178 5.400000e+01 22 33] Chandler
94 [57 9.300000e+01 33 29] Monica
95 [113 3.900000e+01 15 15] Chandler
101 [104 5.100000e+01 32 45] Joey
106 [106 4.500000e+01 18 28] Rachel
110 [154 4.800000e+01 25 30] Ross
118 [176 3.200000e+01 21 29] Ross
119 [127 4.400000e+01 26 35] Rachel
120 [142 5.500000e+01 30 41] Ross
125 [167 7.000000e+01 22 36] Rachel
125 [85 4.400000e+01 30 33] Joey
126 [162 6.400000e+01 22 32] Rachel
128 [166 6.200000e+01 25 29] Rachel
129 [41 7.700000e+01 22 23] Monica
129 [115 4.400000e+01 24 32] Chandler
129 [198 6.000000e+01 19 29] Phoebe
130 [61 8.600000e+01 28 43] Monica
130 [168 4.500000e+01 31 40] Chandler
131 [62 9.000000e+01 30 40] Monica
132 [63 2.900000e+01 26 36] Joey
132 [179 5.500000e+01 25 28] Rachel
133 [53 9.300000e+01 35 37] Monica
133 [159 4.800000e+01 36 40] Chandler
136 [56 8.800000e+01 27 36] Monica
136 [140 5.600000e+01 31 36] Chandler
140 [114 4.500000e+01 33 45] Joey
142 [133 5.200000e+01 32 45] Rachel
143 [144 4.900000e+01 30 41] Rachel
144 [70 4.900000e+01 31 37] Joey
145 [164 6.900000e+01 25 33] Rachel
148 [132 5.800000e+01 24 42] Rachel
149 [98 4.600000e+01 45 59] Joey
150 [130 5.200000e+01 33 51] Rachel
151 [123 5.000000e+01 37 52] Rachel
154 [91 5.900000e+01 63 74] Ross
155 [136 3.800000e+01 36 49] Rachel
156 [105 4.500000e+01 59 83] Ross
158 [102 4.700000e+01 40 54] Joey
161 [85 5.700000e+01 70 77] Ross
162 [72 2.800000e+01 22 23] Joey
163 [76 3.100000e+01 21 24] Joey
167 [130 4.600000e+01 33 41] Chandler
171 [98 4.600000e+01 40 45] Dunno
172 [109 4.800000e+01 33 49] Dunno
173 [94 3.800000e+01 33 46] Ross
174 [160 4.900000e+01 34 39] Ross
175 [82 6.100000e+01 29 42] Monica
176 [122 4.800000e+01 27 39] Phoebe
178 [78 3.200000e+01 34 33] Chandler
179 [70 3.000000e+01 26 35] Chandler
180 [151 3.600000e+01 31 47] Ross
181 [122 5.000000e+01 36 42] Monica
182 [152 4.800000e+01 30 50] Ross
183 [158 3.700000e+01 21 38] Ross
183 [68 4.000000e+01 28 35] Dunno
184 [133 6.400000e+01 38 37] Monica
185 [93 5.500000e+01 23 43] Chandler
186 [159 5.100000e+01 15 14] Monica
189 [110 4.300000e+01 26 27] Ross
190 [68 5.800000e+01 36 37] Chandler
191 [71 4.200000e+01 27 48] Ross
192 [51 4.000000e+01 34 42] Ross
193 [60 3.700000e+01 34 52] Ross
194 [85 5.800000e+01 28 35] Chandler
195 [185 6.800000e+01 30 33] Monica
196 [95 4.400000e+01 47 51] Phoebe
197 [91 4.500000e+01 43 53] Phoebe
198 [116 5.900000e+01 44 74] Dunno2
Session: 3
7 [153 4.300000e+01 29 45] Phoebe
8 [122 4.400000e+01 32 36] Phoebe
9 [128 4.300000e+01 27 38] Phoebe
11 [171 4.500000e+01 34 32] Chandler
12 [177 1.000000e+02 38 46] Monica
15 [106 5.300000e+01 36 42] Ross
16 [81 4.300000e+01 23 34] Chandler
16 [145 5.600000e+01 20 26] Phoebe
17 [144 5.600000e+01 23 26] Phoebe
17 [80 4.700000e+01 29 35] Chandler
18 [87 4.800000e+01 23 30] Chandler
18 [142 5.400000e+01 22 28] Phoebe
19 [178 4.700000e+01 19 21] Chandler
26 [114 6.100000e+01 35 45] Phoebe
28 [103 9.000000e+01 22 32] Monica
28 [114 3.900000e+01 25 32] Chandler
28 [67 1.310000e+02 22 38] Phoebe
29 [107 2.700000e+01 32 33] Joey
34 [115 5.300000e+01 31 28] Chandler
35 [107 4.600000e+01 52 58] Rachel
36 [122 5.900000e+01 38 49] Monica
38 [119 5.200000e+01 36 43] Joey
39 [106 3.800000e+01 49 80] Chandler
40 [106 4.300000e+01 32 39] Ross
43 [150 2.400000e+01 23 28] Chandler
43 [145 7.000000e+01 17 24] Monica
47 [134 5.600000e+01 36 43] Rachel
50 [140 3.600000e+01 25 26] Chandler
50 [120 8.700000e+01 22 25] Monica
50 [85 1.290000e+02 21 31] Phoebe
51 [38 1.160000e+02 24 31] Monica
53 [146 5.100000e+01 30 38] Phoebe
55 [164 7.900000e+01 31 39] Monica
57 [25 5.500000e+01 25 27] Chandler
58 [40 6.200000e+01 32 31] Chandler
59 [135 4.100000e+01 33 34] Monica
68 [139 4.800000e+01 25 41] Ross
69 [147 4.900000e+01 28 46] Ross
70 [86 4.600000e+01 31 37] Dunno
71 [144 4.600000e+01 37 44] Ross
72 [62 2.700000e+01 29 37] Dunno
72 [166 3.100000e+01 26 39] Ross
73 [131 4.000000e+01 37 50] Ross
74 [134 4.200000e+01 34 62] Ross
76 [111 8.400000e+01 25 35] Monica
76 [60 4.500000e+01 28 36] Chandler
77 [108 8.000000e+01 29 38] Monica
77 [56 3.800000e+01 32 40] Chandler
78 [64 4.700000e+01 25 35] Chandler
78 [113 7.800000e+01 24 35] Monica
79 [174 7.900000e+01 25 32] Monica
79 [104 4.700000e+01 25 40] Chandler
80 [197 8.600000e+01 33 42] Phoebe
80 [152 8.400000e+01 24 41] Monica
80 [131 5.000000e+01 22 31] Joey
81 [78 4.300000e+01 18 25] Ross
81 [138 5.000000e+01 26 34] Chandler
81 [208 8.400000e+01 30 47] Phoebe
81 [162 8.400000e+01 21 35] Monica
82 [206 8.200000e+01 28 40] Phoebe
82 [159 8.000000e+01 22 37] Monica
82 [144 4.900000e+01 18 32] Chandler
82 [44 4.500000e+01 23 24] Ross
83 [202 8.300000e+01 34 41] Phoebe
83 [139 5.200000e+01 25 30] Chandler
83 [38 4.400000e+01 21 29] Ross
84 [144 5.400000e+01 16 30] Chandler
84 [48 4.400000e+01 22 28] Ross
85 [212 7.700000e+01 28 47] Phoebe
85 [48 4.200000e+01 16 29] Ross
86 [176 7.900000e+01 20 31] Monica
88 [178 5.600000e+01 24 32] Chandler
94 [58 8.900000e+01 26 37] Monica
95 [115 3.800000e+01 13 17] Chandler
106 [106 4.400000e+01 17 27] Rachel
110 [156 4.800000e+01 22 30] Ross
118 [197 5.600000e+01 0 0] Ross
119 [126 4.500000e+01 26 32] Rachel
120 [142 5.200000e+01 28 40] Ross
124 [160 4.300000e+01 17 16] Joey
125 [166 7.400000e+01 23 29] Rachel
125 [80 4.400000e+01 34 33] Joey
126 [161 6.700000e+01 24 27] Rachel
128 [167 5.900000e+01 25 32] Rachel
129 [43 7.300000e+01 19 29] Monica
129 [117 4.500000e+01 21 29] Chandler
129 [197 6.000000e+01 22 31] Phoebe
130 [59 9.000000e+01 32 35] Monica
130 [168 4.000000e+01 33 41] Chandler
131 [60 9.200000e+01 34 40] Monica
132 [177 5.600000e+01 27 32] Rachel
132 [61 2.600000e+01 34 41] Joey
133 [161 4.300000e+01 34 46] Chandler
133 [57 9.400000e+01 30 38] Monica
135 [153 4.000000e+01 14 16] Chandler
136 [59 8.900000e+01 22 31] Monica
136 [138 5.200000e+01 35 37] Chandler
140 [117 4.800000e+01 28 41] Joey
142 [132 5.200000e+01 32 38] Rachel
143 [142 4.600000e+01 32 45] Rachel
144 [71 4.000000e+01 31 46] Joey
145 [162 6.500000e+01 33 43] Rachel
146 [94 4.600000e+01 31 49] Joey
148 [127 6.000000e+01 26 42] Rachel
149 [99 4.400000e+01 44 52] Joey
150 [126 4.900000e+01 32 46] Rachel
151 [127 4.900000e+01 28 49] Rachel
154 [95 5.900000e+01 54 67] Ross
155 [137 4.000000e+01 34 44] Rachel
156 [106 5.300000e+01 56 74] Ross
158 [98 4.400000e+01 44 52] Joey
161 [89 5.700000e+01 59 88] Ross
162 [70 2.600000e+01 23 24] Joey
163 [77 3.500000e+01 20 24] Joey
167 [128 4.900000e+01 35 44] Chandler
171 [98 5.100000e+01 37 41] Dunno
172 [102 4.500000e+01 40 50] Dunno
173 [92 4.500000e+01 36 39] Ross
174 [167 5.100000e+01 25 34] Ross
175 [83 6.400000e+01 27 39] Monica
176 [122 4.700000e+01 27 41] Phoebe
178 [79 3.200000e+01 32 31] Chandler
180 [152 4.000000e+01 29 40] Ross
181 [124 5.000000e+01 29 43] Monica
182 [147 5.000000e+01 42 54] Ross
183 [152 3.800000e+01 31 50] Ross
184 [135 6.300000e+01 40 46] Monica
191 [69 4.600000e+01 26 46] Ross
192 [51 3.800000e+01 32 47] Ross
194 [85 5.600000e+01 29 40] Chandler
195 [185 7.000000e+01 26 28] Monica
196 [98 4.500000e+01 43 50] Phoebe
197 [100 4.700000e+01 34 47] Phoebe
198 [113 5.900000e+01 53 76] Dunno2
200 [154 5.600000e+01 28 37] Phoebe