video2.mat
Observer: Ahmed
Session: 1
3 [106 6.050000e+001 15 15] Chandler
7 [167 66 38 38] Phoebe
8 [1.425000e+002 62 30 30] Phoebe
9 [143 60 36 36] Phoebe
11 [191 5.750000e+001 29 29] Chandler
12 [2.025000e+002 123 44 44] Monica
15 [1.265000e+002 74 41 41] Ross
16 [95 5.650000e+001 29 29] Chandler
17 [100 6.150000e+001 25 25] Chandler
18 [155 68 24 24] Phoebe
18 [99 62 24 24] Chandler
19 [1.915000e+002 5.650000e+001 21 21] Chandler
26 [1.325000e+002 84 38 38] Phoebe
29 [1.245000e+002 4.350000e+001 35 35] Joey
34 [133 6.550000e+001 36 36] Chandler
35 [134 75 70 70] Rachel
36 [142 84 36 36] Monica
37 [161 6.750000e+001 40 40] Phoebe
38 [1.405000e+002 71 38 38] Joey
39 [1.275000e+002 7.750000e+001 61 61] Chandler
40 [122 62 36 36] Ross
44 [135 7.950000e+001 41 41] Rachel
47 [1.525000e+002 7.850000e+001 41 41] Rachel
50 [133 9.850000e+001 23 23] Monica
50 [9.650000e+001 144 28 28] Phoebe
50 [1.565000e+002 50 24 24] Chandler
53 [1.655000e+002 71 38 38] Phoebe
55 [183 99 38 38] Monica
58 [5.650000e+001 76 29 29] Chandler
59 [153 5.850000e+001 37 37] Monica
62 [1.115000e+002 6.550000e+001 23 23] Chandler
64 [132 7.750000e+001 38 38] Ross
68 [1.525000e+002 68 40 40] Ross
69 [160 7.250000e+001 41 41] Ross
70 [101 62 40 40] Dunno
71 [164 6.750000e+001 43 43] Ross
72 [180 4.850000e+001 43 43] Ross
72 [75 4.750000e+001 35 35] Dunno
73 [151 6.850000e+001 53 53] Ross
74 [1.495000e+002 6.650000e+001 49 49] Ross
76 [125 1.005000e+002 33 33] Monica
76 [71 60 36 36] Chandler
77 [74 6.050000e+001 33 33] Chandler
77 [1.255000e+002 99 32 32] Monica
78 [125 9.450000e+001 31 31] Monica
78 [7.550000e+001 5.850000e+001 31 31] Chandler
79 [1.875000e+002 95 30 30] Monica
80 [2.175000e+002 1.055000e+002 35 35] Phoebe
80 [1.415000e+002 65 28 28] Chandler
80 [167 1.025000e+002 33 33] Monica
81 [8.650000e+001 5.850000e+001 29 29] Ross
81 [1.525000e+002 6.850000e+001 29 29] Chandler
81 [2.245000e+002 1.075000e+002 39 39] Phoebe
81 [1.725000e+002 102 32 32] Monica
82 [56 5.650000e+001 27 27] Ross
82 [2.215000e+002 1.045000e+002 35 35] Phoebe
82 [1.705000e+002 1.015000e+002 35 35] Monica
82 [1.495000e+002 6.750000e+001 27 27] Chandler
83 [217 1.055000e+002 43 43] Phoebe
83 [5.450000e+001 5.650000e+001 23 23] Ross
83 [150 6.750000e+001 29 29] Chandler
84 [5.650000e+001 58 30 30] Ross
84 [178 100 28 28] Monica
84 [1.515000e+002 67 26 26] Chandler
85 [2.265000e+002 9.950000e+001 39 39] Phoebe
85 [57 5.750000e+001 25 25] Ross
85 [1.515000e+002 65 28 28] Chandler
86 [186 9.450000e+001 29 29] Monica
88 [192 69 28 28] Chandler
94 [0 161 0 0] Monica
95 [1.215000e+002 4.750000e+001 15 15] Chandler
101 [120 7.450000e+001 39 39] Joey
106 [1.155000e+002 57 24 24] Rachel
110 [1.665000e+002 64 32 32] Ross
118 [1.865000e+002 47 26 26] Ross
119 [139 6.050000e+001 29 29] Rachel
120 [1.565000e+002 74 40 40] Ross
125 [1.785000e+002 87 28 28] Rachel
125 [100 6.050000e+001 29 29] Joey
126 [1.745000e+002 8.050000e+001 25 25] Rachel
128 [1.795000e+002 7.550000e+001 29 29] Rachel
129 [5.050000e+001 9.050000e+001 31 31] Monica
129 [1.265000e+002 60 28 28] Chandler
129 [2.075000e+002 75 28 28] Phoebe
130 [75 106 44 44] Monica
130 [1.805000e+002 63 36 36] Chandler
131 [7.750000e+001 110 36 36] Monica
132 [74 45 32 32] Joey
133 [1.785000e+002 67 38 38] Chandler
133 [72 1.115000e+002 31 31] Monica
135 [1.605000e+002 4.850000e+001 17 17] Chandler
136 [1.545000e+002 7.450000e+001 35 35] Chandler
136 [6.750000e+001 1.045000e+002 31 31] Monica
140 [1.315000e+002 70 44 44] Joey
142 [149 7.150000e+001 37 37] Rachel
143 [159 6.750000e+001 41 41] Rachel
145 [179 88 40 40] Rachel
148 [1.405000e+002 8.150000e+001 41 41] Rachel
150 [143 76 52 52] Rachel
151 [142 75 46 46] Rachel
154 [126 99 78 78] Ross
155 [1.535000e+002 6.350000e+001 45 45] Rachel
156 [132 9.150000e+001 73 73] Ross
158 [121 7.450000e+001 47 47] Joey
161 [1.185000e+002 1.015000e+002 81 81] Ross
162 [8.350000e+001 3.850000e+001 23 23] Joey
163 [8.750000e+001 45 24 24] Joey
167 [146 6.950000e+001 39 39] Chandler
171 [113 73 44 44] Dunno
174 [179 70 40 40] Ross
175 [97 8.350000e+001 37 37] Monica
176 [135 69 40 40] Phoebe
178 [9.550000e+001 4.450000e+001 29 29] Chandler
180 [165 57 46 46] Ross
181 [1.385000e+002 7.050000e+001 41 41] Monica
182 [167 79 52 52] Ross
183 [171 5.850000e+001 37 37] Ross
184 [152 8.550000e+001 47 47] Monica
186 [1.655000e+002 57 12 12] Monica
190 [8.850000e+001 7.650000e+001 29 29] Chandler
191 [81 69 42 42] Ross
192 [6.850000e+001 6.250000e+001 47 47] Ross
193 [8.050000e+001 5.950000e+001 45 45] Ross
194 [100 7.550000e+001 31 31] Chandler
195 [2.025000e+002 83 28 28] Monica
196 [119 69 44 44] Phoebe
197 [1.165000e+002 70 44 44] Phoebe
198 [138 101 68 68] Dunno2
Session: 2
7 [167 6.150000e+001 37 37] Phoebe
8 [141 64 26 26] Phoebe
9 [144 62 34 34] Phoebe
11 [191 5.750000e+001 31 31] Chandler
12 [200 125 42 42] Monica
15 [124 75 48 48] Ross
16 [9.250000e+001 60 32 32] Chandler
17 [155 68 26 26] Phoebe
18 [96 6.250000e+001 31 31] Chandler
18 [153 66 26 26] Phoebe
18 [2.105000e+002 1.095000e+002 35 35] Monica
26 [132 78 40 40] Phoebe
28 [113 1.055000e+002 31 31] Monica
28 [126 56 26 26] Chandler
29 [123 3.950000e+001 31 31] Joey
34 [1.325000e+002 66 37 37] Chandler
35 [1.315000e+002 7.450000e+001 61 61] Rachel
36 [141 8.250000e+001 43 43] Monica
37 [161 6.950000e+001 54 54] Phoebe
38 [134 67 42 42] Joey
39 [126 79 64 64] Chandler
40 [121 59 38 38] Ross
43 [1.525000e+002 81 28 28] Monica
43 [1.615000e+002 3.650000e+001 29 29] Chandler
47 [1.515000e+002 78 48 48] Rachel
50 [131 9.850000e+001 25 25] Monica
50 [1.565000e+002 50 28 28] Chandler
50 [92 1.445000e+002 33 33] Phoebe
51 [52 1.275000e+002 35 35] Monica
53 [1.635000e+002 7.150000e+001 43 43] Phoebe
55 [1.805000e+002 9.550000e+001 43 43] Monica
58 [5.750000e+001 7.650000e+001 33 33] Chandler
59 [1.505000e+002 5.650000e+001 35 35] Monica
62 [1.095000e+002 6.650000e+001 25 25] Chandler
64 [135 75 36 36] Ross
68 [1.525000e+002 68 42 42] Ross
69 [161 6.850000e+001 45 45] Ross
70 [9.650000e+001 6.250000e+001 43 43] Dunno
71 [1.635000e+002 68 38 38] Ross
72 [7.550000e+001 4.450000e+001 41 41] Dunno
72 [178 4.550000e+001 33 33] Ross
73 [1.495000e+002 6.350000e+001 45 45] Ross
74 [151 6.550000e+001 47 47] Ross
76 [125 99 30 30] Monica
76 [7.350000e+001 56 40 40] Chandler
77 [71 60 30 30] Chandler
77 [1.225000e+002 98 36 36] Monica
78 [76 5.650000e+001 39 39] Chandler
78 [1.225000e+002 95 38 38] Monica
79 [1.885000e+002 96 38 38] Monica
80 [217 1.045000e+002 35 35] Phoebe
80 [143 6.450000e+001 31 31] Chandler
80 [1.665000e+002 1.015000e+002 31 31] Monica
81 [8.750000e+001 58 22 22] Ross
81 [1.535000e+002 66 26 26] Chandler
81 [2.235000e+002 109 34 34] Phoebe
81 [1.715000e+002 1.035000e+002 31 31] Monica
82 [222 105 40 40] Phoebe
82 [56 54 24 24] Ross
82 [1.495000e+002 68 28 28] Chandler
82 [1.705000e+002 1.025000e+002 29 29] Monica
83 [2.165000e+002 1.065000e+002 41 41] Phoebe
83 [151 68 24 24] Chandler
83 [5.550000e+001 5.650000e+001 21 21] Ross
84 [5.950000e+001 5.650000e+001 29 29] Ross
84 [152 6.850000e+001 25 25] Chandler
84 [179 99 32 32] Monica
84 [2.285000e+002 99 38 38] Phoebe
85 [5.650000e+001 5.850000e+001 27 27] Ross
85 [225 100 36 36] Phoebe
85 [154 68 24 24] Chandler
86 [185 95 30 30] Monica
88 [189 7.050000e+001 33 33] Chandler
94 [7.350000e+001 1.075000e+002 33 33] Monica
95 [1.205000e+002 4.650000e+001 15 15] Chandler
101 [120 7.350000e+001 45 45] Joey
106 [115 59 28 28] Rachel
110 [1.665000e+002 63 30 30] Ross
118 [1.865000e+002 4.650000e+001 29 29] Ross
119 [140 6.150000e+001 35 35] Rachel
120 [157 7.550000e+001 41 41] Ross
125 [178 88 36 36] Rachel
125 [100 6.050000e+001 33 33] Joey
126 [173 80 32 32] Rachel
128 [1.785000e+002 7.650000e+001 29 29] Rachel
129 [52 8.850000e+001 23 23] Monica
129 [127 60 32 32] Chandler
129 [2.075000e+002 7.450000e+001 29 29] Phoebe
130 [75 1.075000e+002 43 43] Monica
130 [1.835000e+002 65 40 40] Chandler
131 [77 110 40 40] Monica
132 [76 47 36 36] Joey
132 [1.915000e+002 69 28 28] Rachel
133 [7.050000e+001 1.115000e+002 37 37] Monica
133 [177 68 40 40] Chandler
136 [6.950000e+001 106 36 36] Monica
136 [1.555000e+002 74 36 36] Chandler
140 [1.305000e+002 6.750000e+001 45 45] Joey
142 [149 7.450000e+001 45 45] Rachel
143 [159 6.950000e+001 41 41] Rachel
144 [8.550000e+001 6.750000e+001 37 37] Joey
145 [1.765000e+002 8.550000e+001 33 33] Rachel
148 [144 79 42 42] Rachel
149 [1.205000e+002 7.550000e+001 59 59] Joey
150 [1.465000e+002 7.750000e+001 51 51] Rachel
151 [1.415000e+002 76 52 52] Rachel
154 [1.225000e+002 96 74 74] Ross
155 [154 6.250000e+001 49 49] Rachel
156 [1.345000e+002 8.650000e+001 83 83] Ross
158 [122 74 54 54] Joey
161 [120 9.550000e+001 77 77] Ross
162 [83 3.950000e+001 23 23] Joey
163 [8.650000e+001 43 24 24] Joey
167 [1.465000e+002 6.650000e+001 41 41] Chandler
171 [118 6.850000e+001 45 45] Dunno
172 [1.255000e+002 7.250000e+001 49 49] Dunno
173 [1.105000e+002 61 46 46] Ross
174 [177 6.850000e+001 39 39] Ross
175 [9.650000e+001 82 42 42] Monica
176 [1.355000e+002 6.750000e+001 39 39] Phoebe
178 [95 4.850000e+001 34 34] Chandler
179 [83 4.750000e+001 35 35] Chandler
180 [1.665000e+002 5.950000e+001 47 47] Ross
181 [140 71 42 42] Monica
182 [167 73 50 50] Ross
183 [1.685000e+002 56 38 38] Ross
183 [82 5.750000e+001 35 35] Dunno
184 [152 8.250000e+001 38 38] Monica
185 [1.045000e+002 7.650000e+001 43 43] Chandler
186 [1.665000e+002 58 15 15] Monica
189 [123 5.650000e+001 27 27] Ross
190 [86 7.650000e+001 37 37] Chandler
191 [8.450000e+001 66 48 48] Ross
192 [68 61 42 42] Ross
193 [77 63 52 52] Ross
194 [99 7.550000e+001 35 35] Chandler
195 [200 8.450000e+001 33 33] Monica
196 [1.185000e+002 6.950000e+001 51 51] Phoebe
197 [1.125000e+002 7.150000e+001 53 53] Phoebe
198 [138 96 74 74] Dunno2
Session: 3
7 [1.675000e+002 6.550000e+001 45 45] Phoebe
8 [138 62 36 36] Phoebe
9 [1.415000e+002 62 38 38] Phoebe
11 [188 61 34 34] Chandler
12 [196 123 46 46] Monica
15 [124 74 42 42] Ross
16 [9.250000e+001 60 34 34] Chandler
16 [155 69 26 26] Phoebe
17 [1.555000e+002 69 26 26] Phoebe
17 [9.450000e+001 6.450000e+001 35 35] Chandler
18 [9.850000e+001 63 30 30] Chandler
18 [153 68 28 28] Phoebe
19 [1.875000e+002 5.750000e+001 21 21] Chandler
26 [1.315000e+002 8.350000e+001 45 45] Phoebe
28 [114 106 32 32] Monica
28 [1.265000e+002 55 32 32] Chandler
28 [78 150 38 38] Phoebe
29 [123 4.350000e+001 33 33] Joey
34 [1.305000e+002 67 31 31] Chandler
35 [133 75 58 58] Rachel
36 [141 8.350000e+001 49 49] Monica
38 [137 7.350000e+001 43 43] Joey
39 [1.305000e+002 78 80 80] Chandler
40 [122 6.250000e+001 39 39] Ross
43 [1.615000e+002 38 28 28] Chandler
43 [1.535000e+002 82 24 24] Monica
47 [152 7.750000e+001 43 43] Rachel
50 [1.525000e+002 49 26 26] Chandler
50 [131 9.950000e+001 25 25] Monica
50 [9.550000e+001 1.445000e+002 31 31] Phoebe
51 [50 1.315000e+002 31 31] Monica
53 [161 70 38 38] Phoebe
55 [1.795000e+002 9.850000e+001 39 39] Monica
57 [3.750000e+001 6.850000e+001 27 27] Chandler
58 [56 7.750000e+001 32 32] Chandler
59 [1.515000e+002 58 34 34] Monica
68 [1.515000e+002 6.850000e+001 41 41] Ross
69 [161 72 46 46] Ross
70 [1.015000e+002 6.450000e+001 37 37] Dunno
71 [1.625000e+002 68 44 44] Ross
72 [7.650000e+001 4.550000e+001 37 37] Dunno
72 [179 5.050000e+001 39 39] Ross
73 [1.495000e+002 65 50 50] Ross
74 [151 73 62 62] Ross
76 [1.235000e+002 1.015000e+002 35 35] Monica
76 [74 63 36 36] Chandler
77 [1.225000e+002 99 38 38] Monica
77 [72 58 40 40] Chandler
78 [7.650000e+001 6.450000e+001 35 35] Chandler
78 [125 9.550000e+001 35 35] Monica
79 [1.865000e+002 95 32 32] Monica
79 [1.165000e+002 67 40 40] Chandler
80 [2.135000e+002 107 42 42] Phoebe
80 [164 1.045000e+002 41 41] Monica
80 [142 6.550000e+001 31 31] Joey
81 [87 5.550000e+001 25 25] Ross
81 [151 67 34 34] Chandler
81 [223 1.075000e+002 47 47] Phoebe
81 [1.725000e+002 1.015000e+002 35 35] Monica
82 [220 102 40 40] Phoebe
82 [170 9.850000e+001 37 37] Monica
82 [153 65 32 32] Chandler
82 [5.550000e+001 57 24 24] Ross
83 [219 1.035000e+002 41 41] Phoebe
83 [1.515000e+002 67 30 30] Chandler
83 [4.850000e+001 5.850000e+001 29 29] Ross
84 [152 69 30 30] Chandler
84 [59 58 28 28] Ross
85 [226 1.005000e+002 47 47] Phoebe
85 [56 5.650000e+001 29 29] Ross
86 [186 9.450000e+001 31 31] Monica
88 [190 72 32 32] Chandler
94 [71 1.075000e+002 37 37] Monica
95 [1.215000e+002 4.650000e+001 17 17] Chandler
106 [1.145000e+002 5.750000e+001 27 27] Rachel
110 [167 63 30 30] Ross
118 [197 56 0 0] Ross
119 [139 61 32 32] Rachel
120 [156 72 40 40] Ross
124 [1.685000e+002 51 17 17] Joey
125 [1.775000e+002 8.850000e+001 29 29] Rachel
125 [97 6.050000e+001 34 34] Joey
126 [173 8.050000e+001 27 27] Rachel
128 [1.795000e+002 75 32 32] Rachel
129 [5.250000e+001 8.750000e+001 29 29] Monica
129 [1.275000e+002 5.950000e+001 29 29] Chandler
129 [208 7.550000e+001 31 31] Phoebe
130 [75 1.075000e+002 35 35] Monica
130 [1.845000e+002 6.050000e+001 41 41] Chandler
131 [77 112 40 40] Monica
132 [1.905000e+002 72 32 32] Rachel
132 [78 4.650000e+001 41 41] Joey
133 [178 66 46 46] Chandler
133 [72 113 38 38] Monica
135 [160 48 16 16] Chandler
136 [70 1.045000e+002 31 31] Monica
136 [1.555000e+002 7.050000e+001 37 37] Chandler
140 [131 6.850000e+001 41 41] Joey
142 [148 71 38 38] Rachel
143 [158 6.850000e+001 45 45] Rachel
144 [8.650000e+001 63 46 46] Joey
145 [1.785000e+002 8.650000e+001 43 43] Rachel
146 [1.095000e+002 7.050000e+001 49 49] Joey
148 [140 81 42 42] Rachel
149 [121 70 52 52] Joey
150 [142 72 46 46] Rachel
151 [141 7.350000e+001 49 49] Rachel
154 [122 9.250000e+001 67 67] Ross
155 [154 62 44 44] Rachel
156 [134 90 74 74] Ross
158 [120 70 52 52] Joey
161 [1.185000e+002 101 88 88] Ross
162 [8.150000e+001 38 24 24] Joey
163 [87 47 24 24] Joey
167 [1.455000e+002 71 44 44] Chandler
171 [1.165000e+002 7.150000e+001 41 41] Dunno
172 [122 70 50 50] Dunno
173 [110 6.450000e+001 39 39] Ross
174 [1.795000e+002 68 34 34] Ross
175 [9.650000e+001 8.350000e+001 39 39] Monica
176 [1.355000e+002 6.750000e+001 41 41] Phoebe
178 [95 4.750000e+001 32 32] Chandler
180 [1.665000e+002 60 40 40] Ross
181 [1.385000e+002 7.150000e+001 43 43] Monica
182 [168 77 54 54] Ross
183 [1.675000e+002 63 50 50] Ross
184 [155 86 46 46] Monica
191 [82 69 46 46] Ross
192 [67 6.150000e+001 47 47] Ross
194 [9.950000e+001 76 40 40] Chandler
195 [198 84 28 28] Monica
196 [1.195000e+002 70 50 50] Phoebe
197 [117 7.050000e+001 47 47] Phoebe
198 [1.395000e+002 97 76 76] Dunno2
200 [168 7.450000e+001 37 37] Phoebe
