video2.mat
Observer: Ahmed
Session: 3
7 [153 4.300000e+01 29 45] Phoebe
8 [122 4.400000e+01 32 36] Phoebe
9 [128 4.300000e+01 27 38] Phoebe
11 [171 4.500000e+01 34 32] Chandler
12 [177 1.000000e+02 38 46] Monica
15 [106 5.300000e+01 36 42] Ross
16 [81 4.300000e+01 23 34] Chandler
16 [145 5.600000e+01 20 26] Phoebe
17 [144 5.600000e+01 23 26] Phoebe
17 [80 4.700000e+01 29 35] Chandler
18 [87 4.800000e+01 23 30] Chandler
18 [142 5.400000e+01 22 28] Phoebe
19 [178 4.700000e+01 19 21] Chandler
26 [114 6.100000e+01 35 45] Phoebe
28 [103 9.000000e+01 22 32] Monica
28 [114 3.900000e+01 25 32] Chandler
28 [67 1.310000e+02 22 38] Phoebe
29 [107 2.700000e+01 32 33] Joey
34 [115 5.300000e+01 31 28] Chandler
35 [107 4.600000e+01 52 58] Rachel
36 [122 5.900000e+01 38 49] Monica
38 [119 5.200000e+01 36 43] Joey
39 [106 3.800000e+01 49 80] Chandler
40 [106 4.300000e+01 32 39] Ross
43 [150 2.400000e+01 23 28] Chandler
43 [145 7.000000e+01 17 24] Monica
47 [134 5.600000e+01 36 43] Rachel
50 [140 3.600000e+01 25 26] Chandler
50 [120 8.700000e+01 22 25] Monica
50 [85 1.290000e+02 21 31] Phoebe
51 [38 1.160000e+02 24 31] Monica
53 [146 5.100000e+01 30 38] Phoebe
55 [164 7.900000e+01 31 39] Monica
57 [25 5.500000e+01 25 27] Chandler
58 [40 6.200000e+01 32 31] Chandler
59 [135 4.100000e+01 33 34] Monica
68 [139 4.800000e+01 25 41] Ross
69 [147 4.900000e+01 28 46] Ross
70 [86 4.600000e+01 31 37] Dunno
71 [144 4.600000e+01 37 44] Ross
72 [62 2.700000e+01 29 37] Dunno
72 [166 3.100000e+01 26 39] Ross
73 [131 4.000000e+01 37 50] Ross
74 [134 4.200000e+01 34 62] Ross
76 [111 8.400000e+01 25 35] Monica
76 [60 4.500000e+01 28 36] Chandler
77 [108 8.000000e+01 29 38] Monica
77 [56 3.800000e+01 32 40] Chandler
78 [64 4.700000e+01 25 35] Chandler
78 [113 7.800000e+01 24 35] Monica
79 [174 7.900000e+01 25 32] Monica
79 [104 4.700000e+01 25 40] Chandler
80 [197 8.600000e+01 33 42] Phoebe
80 [152 8.400000e+01 24 41] Monica
80 [131 5.000000e+01 22 31] Joey
81 [78 4.300000e+01 18 25] Ross
81 [138 5.000000e+01 26 34] Chandler
81 [208 8.400000e+01 30 47] Phoebe
81 [162 8.400000e+01 21 35] Monica
82 [206 8.200000e+01 28 40] Phoebe
82 [159 8.000000e+01 22 37] Monica
82 [144 4.900000e+01 18 32] Chandler
82 [44 4.500000e+01 23 24] Ross
83 [202 8.300000e+01 34 41] Phoebe
83 [139 5.200000e+01 25 30] Chandler
83 [38 4.400000e+01 21 29] Ross
84 [144 5.400000e+01 16 30] Chandler
84 [48 4.400000e+01 22 28] Ross
85 [212 7.700000e+01 28 47] Phoebe
85 [48 4.200000e+01 16 29] Ross
86 [176 7.900000e+01 20 31] Monica
88 [178 5.600000e+01 24 32] Chandler
94 [58 8.900000e+01 26 37] Monica
95 [115 3.800000e+01 13 17] Chandler
106 [106 4.400000e+01 17 27] Rachel
110 [156 4.800000e+01 22 30] Ross
118 [197 5.600000e+01 0 0] Ross
119 [126 4.500000e+01 26 32] Rachel
120 [142 5.200000e+01 28 40] Ross
124 [160 4.300000e+01 17 16] Joey
125 [166 7.400000e+01 23 29] Rachel
125 [80 4.400000e+01 34 33] Joey
126 [161 6.700000e+01 24 27] Rachel
128 [167 5.900000e+01 25 32] Rachel
129 [43 7.300000e+01 19 29] Monica
129 [117 4.500000e+01 21 29] Chandler
129 [197 6.000000e+01 22 31] Phoebe
130 [59 9.000000e+01 32 35] Monica
130 [168 4.000000e+01 33 41] Chandler
131 [60 9.200000e+01 34 40] Monica
132 [177 5.600000e+01 27 32] Rachel
132 [61 2.600000e+01 34 41] Joey
133 [161 4.300000e+01 34 46] Chandler
133 [57 9.400000e+01 30 38] Monica
135 [153 4.000000e+01 14 16] Chandler
136 [59 8.900000e+01 22 31] Monica
136 [138 5.200000e+01 35 37] Chandler
140 [117 4.800000e+01 28 41] Joey
142 [132 5.200000e+01 32 38] Rachel
143 [142 4.600000e+01 32 45] Rachel
144 [71 4.000000e+01 31 46] Joey
145 [162 6.500000e+01 33 43] Rachel
146 [94 4.600000e+01 31 49] Joey
148 [127 6.000000e+01 26 42] Rachel
149 [99 4.400000e+01 44 52] Joey
150 [126 4.900000e+01 32 46] Rachel
151 [127 4.900000e+01 28 49] Rachel
154 [95 5.900000e+01 54 67] Ross
155 [137 4.000000e+01 34 44] Rachel
156 [106 5.300000e+01 56 74] Ross
158 [98 4.400000e+01 44 52] Joey
161 [89 5.700000e+01 59 88] Ross
162 [70 2.600000e+01 23 24] Joey
163 [77 3.500000e+01 20 24] Joey
167 [128 4.900000e+01 35 44] Chandler
171 [98 5.100000e+01 37 41] Dunno
172 [102 4.500000e+01 40 50] Dunno
173 [92 4.500000e+01 36 39] Ross
174 [167 5.100000e+01 25 34] Ross
175 [83 6.400000e+01 27 39] Monica
176 [122 4.700000e+01 27 41] Phoebe
178 [79 3.200000e+01 32 31] Chandler
180 [152 4.000000e+01 29 40] Ross
181 [124 5.000000e+01 29 43] Monica
182 [147 5.000000e+01 42 54] Ross
183 [152 3.800000e+01 31 50] Ross
184 [135 6.300000e+01 40 46] Monica
191 [69 4.600000e+01 26 46] Ross
192 [51 3.800000e+01 32 47] Ross
194 [85 5.600000e+01 29 40] Chandler
195 [185 7.000000e+01 26 28] Monica
196 [98 4.500000e+01 43 50] Phoebe
197 [100 4.700000e+01 34 47] Phoebe
198 [113 5.900000e+01 53 76] Dunno2
200 [154 5.600000e+01 28 37] Phoebe