video2.mat
Observer: Ahmed
Session: 1
3 [100 5.300000e+01 12 15] Chandler
7 [155 4.700000e+01 24 38] Phoebe
8 [130 4.700000e+01 25 30] Phoebe
9 [131 4.200000e+01 24 36] Phoebe
11 [178 4.300000e+01 26 29] Chandler
12 [186 1.010000e+02 33 44] Monica
15 [106 5.400000e+01 41 40] Ross
16 [85 4.200000e+01 20 29] Chandler
17 [89 4.900000e+01 22 25] Chandler
18 [145 5.600000e+01 20 24] Phoebe
18 [88 5.000000e+01 22 24] Chandler
19 [183 4.600000e+01 17 21] Chandler
26 [116 6.500000e+01 33 38] Phoebe
29 [111 2.600000e+01 27 35] Joey
34 [115 5.000000e+01 36 31] Chandler
35 [107 4.000000e+01 54 70] Rachel
36 [124 6.700000e+01 36 34] Monica
37 [141 4.800000e+01 40 39] Phoebe
38 [122 5.200000e+01 37 38] Joey
39 [99 4.700000e+01 57 61] Chandler
40 [107 4.400000e+01 30 36] Ross
44 [118 5.900000e+01 34 41] Rachel
47 [133 5.800000e+01 39 41] Rachel
50 [123 8.700000e+01 20 23] Monica
50 [106 1.300000e+02 -19 28] Phoebe
50 [146 3.800000e+01 21 24] Chandler
53 [152 5.200000e+01 27 38] Phoebe
55 [168 8.000000e+01 30 38] Monica
58 [42 6.200000e+01 29 28] Chandler
59 [138 4.000000e+01 30 37] Monica
62 [100 5.400000e+01 23 23] Chandler
64 [113 6.200000e+01 38 31] Ross
68 [136 4.800000e+01 33 40] Ross
69 [144 5.200000e+01 32 41] Ross
70 [83 4.200000e+01 36 40] Dunno
71 [147 4.600000e+01 34 43] Ross
72 [166 2.700000e+01 28 43] Ross
72 [59 3.000000e+01 32 35] Dunno
73 [131 4.200000e+01 40 53] Ross
74 [132 4.200000e+01 35 49] Ross
76 [112 8.400000e+01 26 33] Monica
76 [56 4.200000e+01 30 36] Chandler
77 [60 4.400000e+01 28 33] Chandler
77 [114 8.300000e+01 23 32] Monica
78 [113 7.900000e+01 24 31] Monica
78 [61 4.300000e+01 29 31] Chandler
79 [175 8.000000e+01 25 30] Monica
80 [203 8.800000e+01 29 35] Phoebe
80 [129 5.100000e+01 25 28] Chandler
80 [154 8.600000e+01 26 33] Monica
81 [78 4.400000e+01 17 29] Ross
81 [142 5.400000e+01 21 29] Chandler
81 [209 8.800000e+01 31 39] Phoebe
81 [161 8.600000e+01 23 32] Monica
82 [44 4.300000e+01 24 27] Ross
82 [207 8.700000e+01 29 35] Phoebe
82 [158 8.400000e+01 25 35] Monica
82 [137 5.400000e+01 25 27] Chandler
83 [199 8.400000e+01 36 43] Phoebe
83 [45 4.500000e+01 19 23] Ross
83 [140 5.300000e+01 20 29] Chandler
84 [45 4.300000e+01 23 30] Ross
84 [167 8.600000e+01 22 28] Monica
84 [141 5.400000e+01 21 26] Chandler
85 [210 8.000000e+01 33 39] Phoebe
85 [48 4.500000e+01 18 25] Ross
85 [139 5.100000e+01 25 28] Chandler
86 [176 8.000000e+01 20 29] Monica
88 [182 5.500000e+01 20 28] Chandler
94 [0 1.610000e+02 0 0] Monica
95 [115 4.000000e+01 13 15] Chandler
101 [105 5.500000e+01 30 39] Joey
106 [106 4.500000e+01 19 24] Rachel
110 [156 4.800000e+01 21 32] Ross
118 [177 3.400000e+01 19 26] Ross
119 [128 4.600000e+01 22 29] Rachel
120 [140 5.400000e+01 33 40] Ross
125 [169 7.300000e+01 19 28] Rachel
125 [87 4.600000e+01 26 29] Joey
126 [164 6.800000e+01 21 25] Rachel
128 [169 6.100000e+01 21 29] Rachel
129 [39 7.500000e+01 23 31] Monica
129 [116 4.600000e+01 21 28] Chandler
129 [196 6.100000e+01 23 28] Phoebe
130 [60 8.400000e+01 30 44] Monica
130 [165 4.500000e+01 31 36] Chandler
131 [63 9.200000e+01 29 36] Monica
132 [59 2.900000e+01 30 32] Joey
133 [165 4.800000e+01 27 38] Chandler
133 [60 9.600000e+01 24 31] Monica
135 [154 4.000000e+01 13 17] Chandler
136 [142 5.700000e+01 25 35] Chandler
136 [54 8.900000e+01 27 31] Monica
140 [115 4.800000e+01 33 44] Joey
142 [132 5.300000e+01 34 37] Rachel
143 [146 4.700000e+01 26 41] Rachel
145 [163 6.800000e+01 32 40] Rachel
148 [125 6.100000e+01 31 41] Rachel
150 [126 5.000000e+01 34 52] Rachel
151 [127 5.200000e+01 30 46] Rachel
154 [97 6.000000e+01 58 78] Ross
155 [138 4.100000e+01 31 45] Rachel
156 [104 5.500000e+01 56 73] Ross
158 [100 5.100000e+01 42 47] Joey
161 [90 6.100000e+01 57 81] Ross
162 [74 2.700000e+01 19 23] Joey
163 [80 3.300000e+01 15 24] Joey
167 [129 5.000000e+01 34 39] Chandler
171 [95 5.100000e+01 36 44] Dunno
174 [165 5.000000e+01 28 40] Ross
175 [82 6.500000e+01 30 37] Monica
176 [119 4.900000e+01 32 40] Phoebe
178 [82 3.000000e+01 27 29] Chandler
180 [149 3.400000e+01 32 46] Ross
181 [126 5.000000e+01 25 41] Monica
182 [149 5.300000e+01 36 52] Ross
183 [157 4.000000e+01 28 37] Ross
184 [135 6.200000e+01 34 47] Monica
186 [161 5.100000e+01 9 12] Monica
190 [74 6.200000e+01 29 29] Chandler
191 [67 4.800000e+01 28 42] Ross
192 [51 3.900000e+01 35 47] Ross
193 [66 3.700000e+01 29 45] Ross
194 [86 6.000000e+01 28 31] Chandler
195 [192 6.900000e+01 21 28] Monica
196 [100 4.700000e+01 38 44] Phoebe
197 [96 4.800000e+01 41 44] Phoebe
198 [115 6.700000e+01 46 68] Dunno2
