Video1
Observer: Anjan Dutta
Session: 1
2 [1.835000e+002 38 14 14] Ross
3 [173 67 50 50] Ross
4 [3.850000e+001 135 22 22] Phoebe
4 [230 3.250000e+001 19 19] Ross
7 [1.835000e+002 6.650000e+001 57 57] Ross
8 [9.750000e+001 7.450000e+001 47 47] Phoebe
9 [1.695000e+002 7.850000e+001 51 51] Ross
10 [1.325000e+002 54 44 44] Phoebe
11 [236 4.850000e+001 21 21] Ross
12 [83 4.450000e+001 21 21] Phoebe
14 [1.355000e+002 8.850000e+001 37 37] Phoebe
15 [100 74 48 48] Rachel
16 [110 7.350000e+001 37 37] Phoebe
17 [86 6.850000e+001 37 37] Phoebe
18 [1.875000e+002 62 46 46] Ross
19 [99 7.550000e+001 41 41] Phoebe
20 [1.915000e+002 59 38 38] Ross
21 [99 6.850000e+001 37 37] Phoebe
22 [1.665000e+002 63 38 38] Ross
23 [9.350000e+001 71 40 40] Phoebe
24 [182 6.350000e+001 39 39] Ross
25 [89 66 34 34] Phoebe
26 [197 6.350000e+001 39 39] Ross
27 [163 6.550000e+001 41 41] Ross
28 [7.950000e+001 7.450000e+001 37 37] Phoebe
29 [8.050000e+001 71 34 34] Phoebe
30 [141 6.650000e+001 41 41] Rachel
31 [9.350000e+001 7.650000e+001 33 33] Phoebe
31 [218 51 38 38] Ross
32 [123 77 40 40] Phoebe
32 [204 5.250000e+001 41 41] Ross
33 [1.395000e+002 82 54 54] Rachel
34 [144 1.065000e+002 51 51] Rachel
36 [131 58 36 36] Rachel
37 [1.635000e+002 7.450000e+001 41 41] Monica
38 [1.165000e+002 65 58 58] Phoebe
40 [130 5.550000e+001 41 41] Chandler
41 [155 92 50 50] Ross
44 [8.950000e+001 6.750000e+001 45 45] Chandler
44 [1.335000e+002 113 36 36] Monica
45 [9.150000e+001 7.450000e+001 39 39] Chandler
45 [139 1.075000e+002 35 35] Monica
46 [8.950000e+001 7.250000e+001 43 43] Chandler
46 [145 104 34 34] Monica
48 [1.085000e+002 88 48 48] Chandler
49 [114 79 48 48] Chandler
49 [265 72 50 50] Monica
50 [219 9.050000e+001 41 41] Monica
51 [1.885000e+002 76 46 46] Monica
52 [1.985000e+002 78 46 46] Monica
53 [60 65 24 24] Joey
54 [176 4.250000e+001 25 25] Monica
55 [81 1.075000e+002 33 33] Monica
55 [195 6.750000e+001 37 37] Chandler
56 [1.355000e+002 8.650000e+001 43 43] joey
57 [81 89 36 36] Monica
57 [184 60 44 44] Chandler
58 [1.375000e+002 83 38 38] Joey
59 [1.725000e+002 5.150000e+001 19 19] Monica
60 [94 83 32 32] Monica
60 [1.675000e+002 55 32 32] Chandler
61 [1.115000e+002 64 44 44] Joey
62 [115 6.150000e+001 45 45] Joey
63 [5.750000e+001 52 28 28] Joey
64 [1.485000e+002 54 52 52] Joey
65 [143 69 42 42] Joey
66 [6.950000e+001 9.150000e+001 39 39] Monica
66 [183 53 40 40] Chandler
67 [71 8.750000e+001 39 39] Monica
67 [198 5.350000e+001 35 35] Chandler
68 [92 6.550000e+001 45 45] Joey
68 [237 104 44 44] Monica
69 [1.145000e+002 6.950000e+001 45 45] Joey
70 [1.915000e+002 55 38 38] Chandler
71 [137 69 48 48] Joey
74 [1.745000e+002 68 48 48] Phoebe
75 [2.075000e+002 6.750000e+001 35 35] Monica
76 [1.955000e+002 52 38 38] Monica
77 [152 81 48 48] Phoebe
79 [1.165000e+002 7.950000e+001 51 51] Monica
80 [1.805000e+002 7.250000e+001 55 55] Ross
81 [1.755000e+002 7.250000e+001 55 55] Ross
82 [1.105000e+002 1.145000e+002 45 45] Monica
83 [123 77 50 50] Phoebe
84 [111 8.450000e+001 41 41] Phoebe
85 [125 7.650000e+001 51 51] Phoebe
86 [114 6.550000e+001 21 21] Monica
87 [1.205000e+002 5.950000e+001 23 23] Monica
88 [126 75 52 52] Phoebe
89 [125 89 50 50] Phoebe
90 [1.825000e+002 79 54 54] Ross
91 [1.595000e+002 7.450000e+001 53 53] Ross
92 [163 63 52 52] Phoebe
93 [162 74 56 56] Phoebe
94 [162 8.550000e+001 49 49] Ross
95 [180 7.050000e+001 49 49] Ross
96 [188 7.550000e+001 45 45] Ross
97 [152 84 56 56] Phoebe
98 [1.495000e+002 77 50 50] Phoebe
99 [1.475000e+002 6.350000e+001 47 47] Phoebe
100 [121 8.150000e+001 47 47] Phoebe
101 [6.050000e+001 63 18 18] Phoebe
104 [7.950000e+001 6.950000e+001 47 47] Phoebe
104 [1.785000e+002 54 50 50] Ross
105 [99 8.050000e+001 35 35] Phoebe
105 [1.835000e+002 6.750000e+001 37 37] Ross
106 [2.235000e+002 4.250000e+001 21 21] Monica
107 [137 69 48 48] Chandler
108 [168 6.750000e+001 45 45] Monica
109 [106 6.950000e+001 37 37] Chandler
110 [1.735000e+002 64 44 44] Monica
113 [1.225000e+002 59 32 32] Rachel
114 [1.035000e+002 57 40 40] Chandler
114 [207 90 30 30] Monica
115 [123 58 34 34] Rachel
116 [96 58 38 38] Chandler
116 [2.095000e+002 9.150000e+001 31 31] Monica
117 [1.345000e+002 5.250000e+001 33 33] Rachel
118 [1.565000e+002 71 46 46] Rachel
119 [140 74 46 46] Rachel
120 [104 57 40 40] Chandler
120 [2.155000e+002 9.450000e+001 35 35] Monica
121 [1.405000e+002 66 40 40] rachel
124 [187 73 46 46] Monica
125 [106 6.950000e+001 37 37] Rachel
126 [193 69 42 42] Monica
127 [165 60 48 48] Chandler
128 [183 75 46 46] Monica
130 [138 62 42 42] Monica
131 [73 7.150000e+001 29 29] Monica
131 [215 55 38 38] Rachel
132 [73 74 34 34] Monicaç
132 [2.155000e+002 5.750000e+001 37 37] Rachel
133 [147 76 46 46] Chandler
134 [71 7.650000e+001 29 29] Monica
134 [1.965000e+002 47 29 29] Chandler
135 [1.295000e+002 56 30 30] Rachel
136 [58 9.950000e+001 35 35] monica
138 [1.515000e+002 77 56 56] Ross
139 [5.150000e+001 7.050000e+001 33 33] A
139 [117 5.950000e+001 31 31] B
139 [2.145000e+002 49 32 32] C
140 [1.245000e+002 74 54 54] Ross
141 [150 88 56 56] Ross
142 [1.495000e+002 91 48 48] Ross
143 [1.485000e+002 66 42 42] Phoebe
144 [66 7.450000e+001 49 49] A
144 [183 63 42 42] B
145 [145 7.550000e+001 41 41] Phoebe
146 [7.650000e+001 79 46 46] A
146 [193 5.950000e+001 41 41] B
147 [1.285000e+002 5.850000e+001 43 43] Phoebe
148 [229 53 28 28] C
149 [1.375000e+002 87 54 54] Ross
150 [1.625000e+002 75 48 48] C
151 [9.350000e+001 9.350000e+001 35 35] Phoebe
151 [2.295000e+002 108 42 42] Ross
152 [1.665000e+002 8.450000e+001 51 51] Ross
153 [1.385000e+002 9.550000e+001 49 49] Ross
154 [1.575000e+002 9.550000e+001 37 37] Ross
155 [108 92 52 52] Ross
156 [2.195000e+002 7.750000e+001 45 45] Ross
157 [1.425000e+002 72 50 50] Phoebe
158 [213 73 44 44] Ross
159 [1.625000e+002 8.550000e+001 45 45] Ross
160 [148 74 44 44] Phoebe
161 [1.385000e+002 64 46 46] Phoebe
162 [229 6.750000e+001 27 27] C
163 [1.805000e+002 72 42 42] Ross
164 [2.275000e+002 76 40 40] Ross
165 [112 5.950000e+001 45 45] Ross
166 [7.950000e+001 83 46 46] B
166 [214 7.250000e+001 49 49] C
167 [85 86 44 44] B
167 [2.195000e+002 77 44 44] C
168 [39 1.305000e+002 19 19] A
168 [234 3.550000e+001 21 21] Ross
169 [216 50 24 24] Chandler
170 [149 7.550000e+001 39 39] monica
171 [1.445000e+002 71 46 46] Chandler
172 [1.575000e+002 63 48 48] Chandler
173 [1.735000e+002 5.350000e+001 39 39] Chandler
174 [143 86 42 42] Chandler
176 [1.935000e+002 74 42 42] Chandler
177 [138 7.650000e+001 39 39] Monica
178 [81 73 18 18] Monica
178 [190 4.350000e+001 25 25] Chandler
179 [90 63 30 30] Monica
180 [1.045000e+002 5.150000e+001 19 19] Monica
181 [1.265000e+002 85 39 39] Monica
182 [166 73 44 44] Rachel
183 [1.415000e+002 8.450000e+001 45 45] Monica
184 [137 88 46 46] Monica
185 [1.885000e+002 72 50 50] Rachel
186 [217 76 42 42] Rachel
187 [146 7.550000e+001 37 37] Monica
188 [1.085000e+002 78 32 32] Monica
189 [112 9.350000e+001 39 39] Monica
190 [177 72 50 50] Rachel
191 [1.395000e+002 7.950000e+001 47 47] Monica
192 [56 9.750000e+001 29 29] Monica
192 [221 6.850000e+001 27 27] Rachel
193 [6.150000e+001 1.005000e+002 29 29] Monica
193 [221 64 32 32] Rachel
194 [1.195000e+002 79 50 50] Monica
195 [203 110 36 36] Rachel
196 [150 77 44 44] Rachel
197 [65 9.750000e+001 27 27] Monica
198 [9.750000e+001 7.050000e+001 27 27] Chandler
198 [210 5.650000e+001 27 27] Joey
199 [1.885000e+002 6.450000e+001 39 39] Joey
200 [1.655000e+002 6.150000e+001 41 41] Joey
Session: 2
2 [184 38 16 16] Ross
3 [173 6.350000e+001 55 55] Ross
4 [3.950000e+001 1.335000e+002 21 21] Phoebe
4 [230 3.150000e+001 21 21] Ross
7 [1.835000e+002 67 68 68] Ross
8 [97 7.450000e+001 53 53] Phoebe
9 [171 76 58 58] Ross
10 [133 50 56 56] Phoebe
11 [2.365000e+002 4.850000e+001 21 21] Ross
12 [8.250000e+001 42 22 22] Phoebe
14 [1.345000e+002 8.750000e+001 43 43] Phoebe
15 [100 73 50 50] Rachel
16 [1.095000e+002 7.050000e+001 45 45] Phoebe
17 [8.350000e+001 66 46 46] Phoebe
18 [188 6.150000e+001 47 47] Ross
19 [9.750000e+001 7.150000e+001 43 43] Phoebe
20 [191 5.650000e+001 47 47] Ross
21 [9.850000e+001 6.650000e+001 47 47] Phoebe
22 [164 61 44 44] Ross
23 [93 6.850000e+001 45 45] Phoebe
24 [179 60 46 46] Ross
25 [89 66 44 44] Phoebe
26 [1.965000e+002 6.050000e+001 43 43] Ross
27 [159 6.750000e+001 45 45] Ross
28 [81 73 44 44] Phoebe
29 [81 69 44 44] Phoebe
30 [1.405000e+002 6.350000e+001 45 45] Rachel
31 [93 76 40 40] Phoebe
31 [219 5.150000e+001 43 43] Ross
32 [1.225000e+002 7.550000e+001 47 47] Phoebe
32 [204 5.150000e+001 43 43] Ross
34 [144 105 62 62] Rachel
36 [131 5.750000e+001 35 35] Rachel
37 [163 7.350000e+001 49 49] Monica
38 [1.165000e+002 66 58 58] Phoebe
40 [130 5.350000e+001 45 45] Chandler
41 [1.585000e+002 8.350000e+001 61 61] Ross
44 [84 6.650000e+001 49 49] Chandler
44 [1.295000e+002 1.085000e+002 47 47] Monica
45 [8.950000e+001 72 48 48] Chandler
45 [139 1.055000e+002 39 39] Monica
46 [9.150000e+001 71 46 46] Chandler
46 [150 1.015000e+002 37 37] Monica
48 [109 8.250000e+001 63 63] Chandler
49 [1.145000e+002 7.650000e+001 51 51] Chandler
49 [264 6.750000e+001 57 57] Monica
50 [2.175000e+002 8.950000e+001 55 55] Monica
51 [1.885000e+002 76 52 52] Monica
52 [199 7.450000e+001 53 53] Monica
53 [6.050000e+001 65 26 26] Joey
54 [177 4.150000e+001 29 29] Monica
55 [195 6.550000e+001 39 39] Chandler
55 [8.050000e+001 1.065000e+002 35 35] Monica
56 [1.355000e+002 8.750000e+001 43 43] Joey
57 [8.150000e+001 88 40 40] Monica
57 [185 5.750000e+001 45 45] Chandler
58 [137 8.250000e+001 37 37] joey
59 [1.715000e+002 51 20 20] Monica
60 [95 85 28 28] Monica
60 [168 5.550000e+001 43 43] Chandler
61 [1.095000e+002 6.250000e+001 45 45] Joey
62 [1.145000e+002 63 48 48] Joey
63 [5.750000e+001 53 30 30] Joey
64 [1.475000e+002 5.450000e+001 61 61] Joey
65 [143 65 50 50] Joey
66 [185 51 44 44] Chandler
66 [7.050000e+001 9.150000e+001 39 39] Monica
67 [71 88 44 44] Monica
67 [1.995000e+002 5.550000e+001 43 43] Chandler
67 [7.050000e+001 8.850000e+001 39 39] Monica
67 [1.995000e+002 5.450000e+001 41 41] Chandler
68 [91 62 52 52] Joey
68 [239 1.065000e+002 47 47] Monica
69 [112 6.950000e+001 57 57] Joey
70 [191 55 36 36] Chandler
71 [136 6.750000e+001 55 55] Joey
74 [177 6.850000e+001 55 55] Phoebe
75 [2.095000e+002 6.650000e+001 39 39] Monica
76 [1.945000e+002 51 40 40] Monica
77 [1.525000e+002 82 52 52] Phoebe
79 [117 7.750000e+001 53 53] Monica
80 [1.795000e+002 7.450000e+001 57 57] Ross
81 [175 7.550000e+001 55 55] Ross
82 [111 1.155000e+002 49 49] Monica
83 [123 77 52 52] Phoebe
84 [111 87 40 40] Phoebe
85 [124 78 58 58] Phoebe
86 [1.145000e+002 6.550000e+001 21 21] Monica
87 [1.205000e+002 59 22 22] Monica
88 [1.235000e+002 77 60 60] Phoebe
89 [124 91 54 54] Phoebe
90 [183 7.750000e+001 53 53] Ross
91 [1.605000e+002 78 50 50] Ross
92 [1.605000e+002 6.350000e+001 53 53] Phoebe
93 [1.585000e+002 77 58 58] Phoebe
94 [1.625000e+002 8.150000e+001 61 61] Ross
95 [181 73 56 56] Ross
96 [189 7.050000e+001 51 51] Ross
97 [150 8.650000e+001 55 55] Phoebe
98 [1.485000e+002 7.650000e+001 55 55] Phoebe
99 [148 65 56 56] Phoebe
100 [118 84 50 50] Phoebe
101 [6.050000e+001 6.250000e+001 19 19] Phoebe
104 [7.750000e+001 69 48 48] Phoebe
104 [1.775000e+002 53 50 50] Ross
105 [9.750000e+001 82 38 38] Phoebe
105 [1.815000e+002 65 48 48] Ross
106 [2.245000e+002 45 22 22] Monica
107 [137 6.650000e+001 51 51] Chandler
108 [1.685000e+002 64 48 48] Monica
109 [1.065000e+002 6.750000e+001 43 43] Chandler
110 [173 6.350000e+001 49 49] Monicaç
113 [1.225000e+002 59 38 38] Rachel
114 [103 57 40 40] Chandler
114 [206 91 34 34] Monica
115 [122 56 36 36] Rachel
116 [96 5.650000e+001 45 45] Chandler
116 [211 91 32 32] Monica
117 [1.355000e+002 54 30 30] Rachel
118 [1.575000e+002 68 50 50] Rachel
119 [141 71 44 44] Rachel
120 [104 5.650000e+001 45 45] Chandler
120 [215 9.350000e+001 35 35] Monica
121 [140 6.650000e+001 41 41] Rachel
124 [1.865000e+002 71 46 46] Monica
125 [106 7.050000e+001 43 43] Rachel
126 [1.935000e+002 6.750000e+001 51 51] Monica
127 [164 5.650000e+001 53 53] Chandler
128 [183 74 48 48] Monica
130 [137 61 44 44] Monica
131 [7.350000e+001 70 34 34] Monica
131 [2.135000e+002 5.350000e+001 37 37] Rachel
132 [7.250000e+001 74 34 34] Monica
132 [216 5.750000e+001 35 35] Rachel
133 [147 77 52 52] Chandler
134 [71 78 30 30] Monica
134 [197 4.250000e+001 33 33] Chandler
135 [131 5.750000e+001 33 33] Rachel
136 [58 9.850000e+001 37 37] Monica
138 [152 75 58 58] Ross
139 [52 69 34 34] A
139 [116 60 30 30] B
139 [2.135000e+002 50 28 28] C
140 [124 74 66 66] Ross
141 [151 91 60 60] Ross
142 [154 91 52 52] Ross
143 [1.485000e+002 66 48 48] Phoebe
144 [6.550000e+001 7.450000e+001 47 47] A
144 [1.835000e+002 6.550000e+001 45 45] B
145 [143 7.550000e+001 41 41] Phoebe
146 [7.650000e+001 7.750000e+001 45 45] A
146 [1.935000e+002 59 44 44] B
147 [1.285000e+002 57 46 46] Phoebe
148 [229 53 32 32] C
149 [1.385000e+002 85 58 58] Ross
150 [163 7.250000e+001 55 55] C
151 [93 9.150000e+001 39 39] Phoebe
152 [1.675000e+002 86 50 50] Ross
153 [139 9.650000e+001 51 51] Ross
154 [159 93 46 46] Ross
155 [109 8.750000e+001 53 53] Ross
156 [2.195000e+002 7.750000e+001 47 47] Ross
157 [1.435000e+002 72 50 50] Phoebe
158 [214 7.150000e+001 45 45] Ross
159 [1.635000e+002 87 50 50] Ross
160 [149 74 46 46] Phoebe
161 [1.395000e+002 63 48 48] Phoebe
162 [230 67 30 30] C
163 [179 74 46 46] Ross
164 [228 78 36 36] Ross
165 [112 5.950000e+001 45 45] Ross
166 [7.950000e+001 8.250000e+001 49 49] B
166 [2.135000e+002 7.150000e+001 45 45] C
167 [84 87 48 48] B
167 [220 75 46 46] C
168 [4.050000e+001 1.305000e+002 21 21] A
168 [1.445000e+002 127 22 22] C
168 [234 36 22 22] Ross
169 [2.145000e+002 5.050000e+001 29 29] Chandler
170 [150 75 42 42] Monicaç
171 [146 7.250000e+001 47 47] Chandler
172 [1.555000e+002 6.350000e+001 55 55] Chandler
173 [174 51 48 48] Chandler
174 [1.415000e+002 8.450000e+001 47 47] Chandler
176 [194 77 38 38] Chandler
177 [137 7.850000e+001 41 41] Monica
178 [8.050000e+001 73 18 18] Monica
178 [190 4.650000e+001 25 25] Chandler
179 [88 6.450000e+001 29 29] Monica
180 [1.045000e+002 53 22 22] Monica
180 [188 124 20 20] Rachel
181 [124 8.250000e+001 41 41] Monica
182 [166 73 46 46] Rachel
183 [1.435000e+002 83 44 44] monica
184 [138 8.750000e+001 49 49] Monica
185 [189 72 50 50] Rachel
186 [216 7.450000e+001 43 43] Rachel
187 [146 7.350000e+001 39 39] Monica
188 [109 7.850000e+001 39 39] Monica
189 [112 9.250000e+001 37 37] Monica
190 [177 71 54 54] Rachel
191 [142 8.050000e+001 49 49] Monica
192 [5.550000e+001 99 30 30] Monica
192 [2.215000e+002 6.850000e+001 29 29] Rachel
193 [6.050000e+001 1.005000e+002 29 29] Monica
193 [221 63 34 34] rachel
194 [121 81 50 50] monica
195 [203 1.115000e+002 33 33] Rachel
196 [1.495000e+002 7.650000e+001 45 45] Rachel
197 [6.450000e+001 9.550000e+001 27 27] Monica
197 [2.035000e+002 6.150000e+001 19 19] Rachel
198 [97 70 28 28] Chandler
198 [211 5.550000e+001 25 25] Joey
199 [188 69 36 36] Joey
200 [169 63 46 46] Joey
Session: 3
2 [1.835000e+002 37 16 16] Ross
3 [173 64 52 52] Ross
4 [2.295000e+002 31 20 20] Ross
7 [184 6.650000e+001 71 71] Ross
8 [98 74 50 50] Phoebe
9 [1.715000e+002 7.950000e+001 61 61] Ross
10 [133 5.250000e+001 51 51] Phoebe
14 [134 88 40 40] Phoebe
15 [1.005000e+002 7.750000e+001 47 47] Rachel
16 [1.085000e+002 7.350000e+001 37 37] Phoebe
17 [85 7.050000e+001 43 43] Phoebe
18 [188 6.450000e+001 43 43] Ross
19 [9.850000e+001 7.450000e+001 39 39] Phoebe
20 [191 59 40 40] Ross
21 [9.850000e+001 71 42 42] Phoebe
22 [1.665000e+002 66 40 40] Ross
23 [94 7.050000e+001 41 41] Phoebe
24 [180 62 42 42] Ross
25 [89 66 42 42] Phoebe
26 [1.955000e+002 6.350000e+001 43 43] Ross
27 [161 73 46 46] Ross
28 [8.050000e+001 77 36 36] Phoebe
29 [8.150000e+001 71 38 38] Phoebe
30 [1.425000e+002 6.750000e+001 43 43] Rachel
31 [9.250000e+001 7.650000e+001 35 35] Phoebe
31 [2.175000e+002 5.050000e+001 39 39] Ross
32 [123 75 38 38] Phoebe
32 [204 54 40 40] Ross
34 [144 107 56 56] Rachel
36 [1.305000e+002 5.850000e+001 35 35] Rachel
37 [1.635000e+002 73 46 46] Monica
38 [118 6.850000e+001 51 51] Phoebe
40 [1.305000e+002 5.750000e+001 43 43] Chandler
41 [156 9.050000e+001 55 55] Ross
44 [9.050000e+001 68 44 44] Chandler
44 [1.315000e+002 1.115000e+002 45 45] Monica
45 [9.050000e+001 7.350000e+001 45 45] Chandler
45 [138 105 40 40] Monica
46 [9.150000e+001 7.250000e+001 39 39] Chandler
46 [1.475000e+002 1.035000e+002 39 39] Monica
48 [1.085000e+002 8.550000e+001 57 57] Chandler
49 [1.145000e+002 77 46 46] Chandler
49 [2.645000e+002 74 44 44] monica
50 [219 92 48 48] monica
51 [189 76 52 52] Monica
52 [199 7.650000e+001 49 49] Monica
53 [60 65 22 22] Joey
54 [177 4.150000e+001 27 27] Monica
55 [8.150000e+001 108 34 34] monica
55 [194 6.950000e+001 39 39] Chandler
56 [1.345000e+002 8.750000e+001 41 41] Joey
57 [8.050000e+001 8.750000e+001 37 37] Monica
57 [184 6.050000e+001 41 41] Chandler
58 [1.355000e+002 8.250000e+001 35 35] Joey
59 [1.725000e+002 5.250000e+001 21 21] Monica
60 [94 8.350000e+001 31 31] Monica
60 [167 56 36 36] Chandler
61 [112 6.450000e+001 43 43] Joey
62 [1.135000e+002 6.150000e+001 47 47] Joey
63 [57 52 26 26] Joey
63 [196 6.850000e+001 23 23] Monica
64 [148 5.350000e+001 61 61] joey
65 [1.435000e+002 66 46 46] Joey
66 [6.950000e+001 95 38 38] Monica
66 [184 5.250000e+001 45 45] Chandler
67 [6.950000e+001 8.850000e+001 39 39] Monica
67 [199 5.450000e+001 39 39] Chandler
68 [91 6.650000e+001 43 43] Chandler
68 [238 1.055000e+002 43 43] Monica
69 [113 7.050000e+001 49 49] Joey
70 [192 52 42 42] Chandler
71 [136 6.650000e+001 51 51] Joey
74 [176 7.050000e+001 53 53] Phoebe
75 [208 67 34 34] Monica
76 [1.955000e+002 52 38 38] Monica
77 [152 8.250000e+001 47 47] Phoebe
79 [1.175000e+002 7.650000e+001 51 51] Monica
80 [180 7.450000e+001 55 55] Ross
81 [176 7.550000e+001 53 53] Ross
82 [1.105000e+002 1.175000e+002 43 43] Monica
83 [1.225000e+002 81 50 50] Phoebe
84 [111 8.750000e+001 41 41] Phoebe
85 [1.245000e+002 7.950000e+001 53 53] Phoebe
86 [114 6.650000e+001 23 23] Monica
87 [121 60 22 22] Monica
88 [125 7.550000e+001 49 49] Phoebe
89 [126 94 50 50] Phoebe
90 [1.825000e+002 7.950000e+001 57 57] Ross
91 [1.605000e+002 78 54 54] Ross
92 [1.635000e+002 6.550000e+001 57 57] Phoebe
93 [1.595000e+002 7.750000e+001 55 55] Phoebe
94 [1.625000e+002 8.550000e+001 53 53] Ross
95 [1.795000e+002 75 56 56] Ross
96 [1.895000e+002 7.850000e+001 49 49] Ross
97 [1.515000e+002 8.850000e+001 51 51] Phoebe
98 [1.515000e+002 7.950000e+001 51 51] Phoebe
99 [1.475000e+002 6.650000e+001 55 55] Phoebe
100 [119 83 50 50] Phoebe
101 [60 63 20 20] Phoebe
104 [77 71 42 42] Phoebe
104 [1.795000e+002 59 48 48] Ross
105 [1.825000e+002 70 48 48] Ross
106 [2.235000e+002 44 22 22] Monica
107 [1.365000e+002 67 54 54] Chandler
108 [169 69 44 44] Monica
109 [1.075000e+002 6.850000e+001 39 39] Chandler
110 [173 66 46 46] Monica
113 [1.215000e+002 57 32 32] Rachel
114 [1.025000e+002 59 36 36] Chandler
114 [207 90 38 38] Monica
115 [1.225000e+002 5.750000e+001 33 33] Rachel
116 [96 57 38 38] Chandler
116 [210 9.050000e+001 35 35] Monica
117 [134 5.350000e+001 33 33] Rachel
118 [155 68 50 50] Rachel
119 [140 73 44 44] Rachel
120 [104 5.450000e+001 45 45] Chandler
120 [2.135000e+002 9.450000e+001 35 35] Monica
121 [1.395000e+002 6.450000e+001 47 47] Rachel
124 [1.875000e+002 7.150000e+001 45 45] Monica
125 [105 69 42 42] Rachel
126 [1.935000e+002 67 42 42] Monica
127 [164 6.050000e+001 47 47] Chandler
128 [1.815000e+002 7.550000e+001 47 47] Monica
130 [1.365000e+002 6.250000e+001 41 41] Monica
131 [7.250000e+001 7.250000e+001 35 35] Monica
131 [2.135000e+002 5.450000e+001 39 39] Rachel
132 [7.250000e+001 7.350000e+001 31 31] Monica
132 [2.145000e+002 5.850000e+001 37 37] Rachel
133 [148 7.750000e+001 53 53] Chandler
134 [7.050000e+001 7.650000e+001 31 31] Monica
134 [196 42 28 28] Chandler
135 [1.305000e+002 5.750000e+001 31 31] Rachel
136 [59 1.015000e+002 31 31] Monica
138 [1.495000e+002 81 60 60] Ross
139 [51 7.050000e+001 31 31] A
139 [1.165000e+002 59 28 28] B
139 [215 5.050000e+001 33 33] C
140 [125 7.650000e+001 65 65] Ross
141 [150 8.750000e+001 69 69] Ross
142 [1.545000e+002 9.250000e+001 57 57] Ross
143 [1.485000e+002 6.650000e+001 49 49] Phoebe
144 [6.750000e+001 7.650000e+001 47 47] A
144 [1.835000e+002 6.650000e+001 43 43] B
145 [1.435000e+002 7.650000e+001 47 47] Phoebe
146 [77 7.850000e+001 43 43] A
146 [1.925000e+002 5.950000e+001 47 47] B
147 [1.275000e+002 58 46 46] Phoebe
148 [2.285000e+002 52 32 32] C
149 [137 8.350000e+001 59 59] Ross
150 [1.635000e+002 7.250000e+001 55 55] C
151 [9.350000e+001 9.250000e+001 41 41] Phoebe
152 [1.665000e+002 8.550000e+001 53 53] Ross
153 [1.395000e+002 9.550000e+001 53 53] Ross
154 [1.585000e+002 95 48 48] Ross
156 [220 76 48 48] Ross
157 [1.425000e+002 7.250000e+001 53 53] Phoebe
158 [215 7.250000e+001 49 49] Ross
159 [1.645000e+002 8.550000e+001 53 53] Ross
160 [148 74 50 50] Phoebe
161 [139 65 52 52] Phoebe
162 [229 6.750000e+001 29 29] C
163 [1.805000e+002 7.150000e+001 45 45] Ross
165 [112 6.050000e+001 51 51] Ross
166 [8.050000e+001 8.250000e+001 47 47] B
166 [214 76 50 50] C
167 [85 8.650000e+001 47 47] B
167 [221 7.750000e+001 43 43] C
168 [4.050000e+001 131 18 18] A
168 [235 36 20 20] Ross
170 [1.505000e+002 76 44 44] Monica
171 [1.445000e+002 69 48 48] Chandler
172 [157 61 58 58] Chandler
173 [173 51 46 46] Chandler
174 [1.415000e+002 86 46 46] Chandler
176 [194 7.450000e+001 45 45] Chandler
177 [1.375000e+002 7.650000e+001 39 39] Monica
178 [1.895000e+002 4.450000e+001 25 25] Chandler
178 [80 73 20 20] Monica
179 [8.950000e+001 63 32 32] Monica
180 [103 52 20 20] Monica
180 [189 123 20 20] Rachel
181 [125 8.350000e+001 40 40] Monica
182 [165 73 48 48] Rachel
183 [143 84 52 52] Monica
184 [1.365000e+002 90 50 50] Monica
185 [1.885000e+002 72 48 48] Rachel
186 [213 7.550000e+001 45 45] Rachel
187 [1.465000e+002 75 42 42] monica
188 [108 7.850000e+001 35 35] Monicaç
189 [1.115000e+002 92 36 36] Monica
190 [1.775000e+002 75 52 52] Rachel
191 [141 83 48 48] Monica
192 [5.650000e+001 99 30 30] Monica
192 [220 70 28 28] rachel
193 [6.150000e+001 1.015000e+002 31 31] Monica
193 [223 6.350000e+001 31 31] Rachel
194 [120 8.450000e+001 47 47] Monica
195 [2.045000e+002 1.115000e+002 37 37] Rachel
196 [149 7.750000e+001 45 45] Rachel
197 [2.035000e+002 6.050000e+001 21 21] Rachel
198 [98 71 32 32] Chandler
198 [210 5.550000e+001 27 27] Joey
199 [1.895000e+002 6.750000e+001 41 41] Joey
200 [167 6.350000e+001 45 45] Joey
