Video1
Observer: Anjan Dutta
Session: 1
2 [178.000000 31.000000 11.000000 14.000000] Ross
3 [156.000000 42.000000 34.000000 50.000000] Ross
4 [32.000000 124.000000 13.000000 22.000000] Phoebe
4 [223.000000 23.000000 14.000000 19.000000] Ross
7 [165.000000 38.000000 37.000000 57.000000] Ross
8 [80.000000 51.000000 35.000000 47.000000] Phoebe
9 [150.000000 53.000000 39.000000 51.000000] Ross
10 [119.000000 32.000000 27.000000 44.000000] Phoebe
11 [228.000000 38.000000 16.000000 21.000000] Ross
12 [77.000000 34.000000 12.000000 21.000000] Phoebe
14 [123.000000 70.000000 25.000000 37.000000] Phoebe
15 [87.000000 50.000000 26.000000 48.000000] Rachel
16 [98.000000 55.000000 24.000000 37.000000] Phoebe
17 [74.000000 50.000000 24.000000 37.000000] Phoebe
18 [174.000000 39.000000 27.000000 46.000000] Ross
19 [85.000000 55.000000 28.000000 41.000000] Phoebe
20 [178.000000 40.000000 27.000000 38.000000] Ross
21 [86.000000 50.000000 26.000000 37.000000] Phoebe
22 [152.000000 44.000000 29.000000 38.000000] Ross
23 [79.000000 51.000000 29.000000 40.000000] Phoebe
24 [168.000000 44.000000 28.000000 39.000000] Ross
25 [75.000000 49.000000 28.000000 34.000000] Phoebe
26 [185.000000 44.000000 24.000000 39.000000] Ross
27 [149.000000 45.000000 28.000000 41.000000] Ross
28 [66.000000 56.000000 27.000000 37.000000] Phoebe
29 [67.000000 54.000000 27.000000 34.000000] Phoebe
30 [127.000000 46.000000 28.000000 41.000000] Rachel
31 [81.000000 60.000000 25.000000 33.000000] Phoebe
31 [204.000000 32.000000 28.000000 38.000000] Ross
32 [109.000000 57.000000 28.000000 40.000000] Phoebe
32 [189.000000 32.000000 30.000000 41.000000] Ross
33 [126.000000 55.000000 27.000000 54.000000] Rachel
34 [127.000000 81.000000 34.000000 51.000000] Rachel
36 [120.000000 40.000000 22.000000 36.000000] Rachel
37 [148.000000 54.000000 31.000000 41.000000] Monica
38 [93.000000 36.000000 47.000000 58.000000] Phoebe
40 [116.000000 35.000000 28.000000 41.000000] Chandler
41 [143.000000 67.000000 24.000000 50.000000] Ross
44 [73.000000 45.000000 33.000000 45.000000] Chandler
44 [117.000000 95.000000 33.000000 36.000000] Monica
45 [75.000000 55.000000 33.000000 39.000000] Chandler
45 [125.000000 90.000000 28.000000 35.000000] Monica
46 [72.000000 51.000000 35.000000 43.000000] Chandler
46 [133.000000 87.000000 24.000000 34.000000] Monica
48 [88.000000 64.000000 41.000000 48.000000] Chandler
49 [95.000000 55.000000 38.000000 48.000000] Chandler
49 [253.000000 47.000000 24.000000 50.000000] Monica
50 [207.000000 70.000000 24.000000 41.000000] Monica
51 [170.000000 53.000000 37.000000 46.000000] Monica
52 [180.000000 55.000000 37.000000 46.000000] Monica
53 [50.000000 53.000000 20.000000 24.000000] Joey
54 [167.000000 30.000000 18.000000 25.000000] Monica
55 [67.000000 91.000000 28.000000 33.000000] Monica
55 [179.000000 49.000000 32.000000 37.000000] Chandler
56 [120.000000 65.000000 31.000000 43.000000] joey
57 [67.000000 71.000000 28.000000 36.000000] Monica
57 [168.000000 38.000000 32.000000 44.000000] Chandler
58 [121.000000 64.000000 33.000000 38.000000] Joey
59 [165.000000 42.000000 15.000000 19.000000] Monica
60 [82.000000 67.000000 24.000000 32.000000] Monica
60 [153.000000 39.000000 29.000000 32.000000] Chandler
61 [95.000000 42.000000 33.000000 44.000000] Joey
62 [98.000000 39.000000 34.000000 45.000000] Joey
63 [49.000000 38.000000 17.000000 28.000000] Joey
64 [132.000000 28.000000 33.000000 52.000000] Joey
65 [127.000000 48.000000 32.000000 42.000000] Joey
66 [58.000000 72.000000 23.000000 39.000000] Monica
66 [169.000000 33.000000 28.000000 40.000000] Chandler
67 [58.000000 68.000000 26.000000 39.000000] Monica
67 [184.000000 36.000000 28.000000 35.000000] Chandler
68 [74.000000 43.000000 36.000000 45.000000] Joey
68 [220.000000 82.000000 34.000000 44.000000] Monica
69 [100.000000 47.000000 29.000000 45.000000] Joey
70 [178.000000 36.000000 27.000000 38.000000] Chandler
71 [118.000000 45.000000 38.000000 48.000000] Joey
74 [155.000000 44.000000 39.000000 48.000000] Phoebe
75 [196.000000 50.000000 23.000000 35.000000] Monica
76 [181.000000 33.000000 29.000000 38.000000] Monica
77 [132.000000 57.000000 40.000000 48.000000] Phoebe
79 [92.000000 54.000000 49.000000 51.000000] Monica
80 [162.000000 45.000000 37.000000 55.000000] Ross
81 [158.000000 45.000000 35.000000 55.000000] Ross
82 [89.000000 92.000000 43.000000 45.000000] Monica
83 [103.000000 52.000000 40.000000 50.000000] Phoebe
84 [97.000000 64.000000 28.000000 41.000000] Phoebe
85 [105.000000 51.000000 40.000000 51.000000] Phoebe
86 [106.000000 55.000000 16.000000 21.000000] Monica
87 [112.000000 48.000000 17.000000 23.000000] Monica
88 [103.000000 49.000000 46.000000 52.000000] Phoebe
89 [102.000000 64.000000 46.000000 50.000000] Phoebe
90 [165.000000 52.000000 35.000000 54.000000] Ross
91 [141.000000 48.000000 37.000000 53.000000] Ross
92 [144.000000 37.000000 38.000000 52.000000] Phoebe
93 [145.000000 46.000000 34.000000 56.000000] Phoebe
94 [144.000000 61.000000 36.000000 49.000000] Ross
95 [164.000000 46.000000 32.000000 49.000000] Ross
96 [172.000000 53.000000 32.000000 45.000000] Ross
97 [133.000000 56.000000 38.000000 56.000000] Phoebe
98 [128.000000 52.000000 43.000000 50.000000] Phoebe
99 [127.000000 40.000000 41.000000 47.000000] Phoebe
100 [101.000000 58.000000 40.000000 47.000000] Phoebe
101 [55.000000 54.000000 11.000000 18.000000] Phoebe
104 [63.000000 46.000000 33.000000 47.000000] Phoebe
104 [166.000000 29.000000 25.000000 50.000000] Ross
105 [87.000000 63.000000 24.000000 35.000000] Phoebe
105 [166.000000 49.000000 35.000000 37.000000] Ross
106 [217.000000 32.000000 13.000000 21.000000] Monica
107 [117.000000 45.000000 40.000000 48.000000] Chandler
108 [151.000000 45.000000 34.000000 45.000000] Monica
109 [92.000000 51.000000 28.000000 37.000000] Chandler
110 [155.000000 42.000000 37.000000 44.000000] Monica
113 [110.000000 43.000000 25.000000 32.000000] Rachel
114 [89.000000 37.000000 29.000000 40.000000] Chandler
114 [197.000000 75.000000 20.000000 30.000000] Monica
115 [112.000000 41.000000 22.000000 34.000000] Rachel
116 [82.000000 39.000000 28.000000 38.000000] Chandler
116 [199.000000 76.000000 21.000000 31.000000] Monica
117 [124.000000 36.000000 21.000000 33.000000] Rachel
118 [142.000000 48.000000 29.000000 46.000000] Rachel
119 [126.000000 51.000000 28.000000 46.000000] Rachel
120 [89.000000 37.000000 30.000000 40.000000] Chandler
120 [205.000000 77.000000 21.000000 35.000000] Monica
121 [126.000000 46.000000 29.000000 40.000000] rachel
124 [170.000000 50.000000 34.000000 46.000000] Monica
125 [95.000000 51.000000 22.000000 37.000000] Rachel
126 [178.000000 48.000000 30.000000 42.000000] Monica
127 [147.000000 36.000000 36.000000 48.000000] Chandler
128 [170.000000 52.000000 26.000000 46.000000] Monica
130 [125.000000 41.000000 26.000000 42.000000] Monica
131 [61.000000 57.000000 24.000000 29.000000] Monica
131 [203.000000 36.000000 24.000000 38.000000] Rachel
132 [61.000000 57.000000 24.000000 34.000000] Monicaç
132 [204.000000 39.000000 23.000000 37.000000] Rachel
133 [127.000000 53.000000 40.000000 46.000000] Chandler
134 [63.000000 62.000000 16.000000 29.000000] Monica
134 [182.000000 35.000000 29.000000 24.000000] Chandler
135 [122.000000 41.000000 15.000000 30.000000] Rachel
136 [48.000000 82.000000 20.000000 35.000000] monica
138 [135.000000 49.000000 33.000000 56.000000] Ross
139 [38.000000 54.000000 27.000000 33.000000] A
139 [107.000000 44.000000 20.000000 31.000000] B
139 [205.000000 33.000000 19.000000 32.000000] C
140 [101.000000 47.000000 47.000000 54.000000] Ross
141 [133.000000 60.000000 34.000000 56.000000] Ross
142 [132.000000 67.000000 35.000000 48.000000] Ross
143 [134.000000 45.000000 29.000000 42.000000] Phoebe
144 [49.000000 50.000000 34.000000 49.000000] A
144 [171.000000 42.000000 24.000000 42.000000] B
145 [133.000000 55.000000 24.000000 41.000000] Phoebe
146 [61.000000 56.000000 31.000000 46.000000] A
146 [178.000000 39.000000 30.000000 41.000000] B
147 [111.000000 37.000000 35.000000 43.000000] Phoebe
148 [218.000000 39.000000 22.000000 28.000000] C
149 [120.000000 60.000000 35.000000 54.000000] Ross
150 [141.000000 51.000000 43.000000 48.000000] C
151 [82.000000 76.000000 23.000000 35.000000] Phoebe
151 [219.000000 87.000000 21.000000 42.000000] Ross
152 [153.000000 59.000000 27.000000 51.000000] Ross
153 [121.000000 71.000000 35.000000 49.000000] Ross
154 [142.000000 77.000000 31.000000 37.000000] Ross
155 [97.000000 66.000000 22.000000 52.000000] Ross
156 [205.000000 55.000000 29.000000 45.000000] Ross
157 [127.000000 47.000000 31.000000 50.000000] Phoebe
158 [198.000000 51.000000 30.000000 44.000000] Ross
159 [147.000000 63.000000 31.000000 45.000000] Ross
160 [132.000000 52.000000 32.000000 44.000000] Phoebe
161 [120.000000 41.000000 37.000000 46.000000] Phoebe
162 [218.000000 54.000000 22.000000 27.000000] C
163 [164.000000 51.000000 33.000000 42.000000] Ross
164 [218.000000 56.000000 19.000000 40.000000] Ross
165 [95.000000 37.000000 34.000000 45.000000] Ross
166 [66.000000 60.000000 27.000000 46.000000] B
166 [203.000000 48.000000 22.000000 49.000000] C
167 [71.000000 64.000000 28.000000 44.000000] B
167 [204.000000 55.000000 31.000000 44.000000] C
168 [32.000000 121.000000 14.000000 19.000000] A
168 [228.000000 25.000000 12.000000 21.000000] Ross
169 [209.000000 38.000000 14.000000 24.000000] Chandler
170 [135.000000 56.000000 28.000000 39.000000] monica
171 [125.000000 48.000000 39.000000 46.000000] Chandler
172 [140.000000 39.000000 35.000000 48.000000] Chandler
173 [159.000000 34.000000 29.000000 39.000000] Chandler
174 [125.000000 65.000000 36.000000 42.000000] Chandler
176 [179.000000 53.000000 29.000000 42.000000] Chandler
177 [122.000000 57.000000 32.000000 39.000000] Monica
178 [75.000000 64.000000 12.000000 18.000000] Monica
178 [183.000000 31.000000 14.000000 25.000000] Chandler
179 [82.000000 48.000000 16.000000 30.000000] Monica
180 [98.000000 42.000000 13.000000 19.000000] Monica
181 [107.000000 68.000000 39.000000 34.000000] Monica
182 [152.000000 51.000000 28.000000 44.000000] Rachel
183 [127.000000 62.000000 29.000000 45.000000] Monica
184 [123.000000 65.000000 28.000000 46.000000] Monica
185 [173.000000 47.000000 31.000000 50.000000] Rachel
186 [207.000000 55.000000 20.000000 42.000000] Rachel
187 [133.000000 57.000000 26.000000 37.000000] Monica
188 [97.000000 62.000000 23.000000 32.000000] Monica
189 [100.000000 74.000000 24.000000 39.000000] Monica
190 [157.000000 47.000000 40.000000 50.000000] Rachel
191 [124.000000 56.000000 31.000000 47.000000] Monica
192 [48.000000 83.000000 16.000000 29.000000] Monica
192 [212.000000 55.000000 18.000000 27.000000] Rachel
193 [54.000000 86.000000 15.000000 29.000000] Monica
193 [212.000000 48.000000 18.000000 32.000000] Rachel
194 [100.000000 54.000000 39.000000 50.000000] Monica
195 [188.000000 92.000000 30.000000 36.000000] Rachel
196 [134.000000 55.000000 32.000000 44.000000] Rachel
197 [58.000000 84.000000 14.000000 27.000000] Monica
198 [91.000000 57.000000 13.000000 27.000000] Chandler
198 [204.000000 43.000000 12.000000 27.000000] Joey
199 [173.000000 45.000000 31.000000 39.000000] Joey
200 [149.000000 41.000000 33.000000 41.000000] Joey
Session: 2
2 [179.000000 30.000000 10.000000 16.000000] Ross
3 [156.000000 36.000000 34.000000 55.000000] Ross
4 [34.000000 123.000000 11.000000 21.000000] Phoebe
4 [223.000000 21.000000 14.000000 21.000000] Ross
7 [165.000000 33.000000 37.000000 68.000000] Ross
8 [79.000000 48.000000 36.000000 53.000000] Phoebe
9 [152.000000 47.000000 38.000000 58.000000] Ross
10 [121.000000 22.000000 24.000000 56.000000] Phoebe
11 [229.000000 38.000000 15.000000 21.000000] Ross
12 [76.000000 31.000000 13.000000 22.000000] Phoebe
14 [122.000000 66.000000 25.000000 43.000000] Phoebe
15 [88.000000 48.000000 24.000000 50.000000] Rachel
16 [98.000000 48.000000 23.000000 45.000000] Phoebe
17 [71.000000 43.000000 25.000000 46.000000] Phoebe
18 [176.000000 38.000000 24.000000 47.000000] Ross
19 [83.000000 50.000000 29.000000 43.000000] Phoebe
20 [177.000000 33.000000 28.000000 47.000000] Ross
21 [86.000000 43.000000 25.000000 47.000000] Phoebe
22 [151.000000 39.000000 26.000000 44.000000] Ross
23 [77.000000 46.000000 32.000000 45.000000] Phoebe
24 [166.000000 37.000000 26.000000 46.000000] Ross
25 [76.000000 44.000000 26.000000 44.000000] Phoebe
26 [183.000000 39.000000 27.000000 43.000000] Ross
27 [146.000000 45.000000 26.000000 45.000000] Ross
28 [68.000000 51.000000 26.000000 44.000000] Phoebe
29 [67.000000 47.000000 28.000000 44.000000] Phoebe
30 [129.000000 41.000000 23.000000 45.000000] Rachel
31 [80.000000 56.000000 26.000000 40.000000] Phoebe
31 [205.000000 30.000000 28.000000 43.000000] Ross
32 [110.000000 52.000000 25.000000 47.000000] Phoebe
32 [191.000000 30.000000 26.000000 43.000000] Ross
34 [129.000000 74.000000 30.000000 62.000000] Rachel
36 [118.000000 40.000000 26.000000 35.000000] Rachel
37 [149.000000 49.000000 28.000000 49.000000] Monica
38 [93.000000 37.000000 47.000000 58.000000] Phoebe
40 [115.000000 31.000000 30.000000 45.000000] Chandler
41 [145.000000 53.000000 27.000000 61.000000] Ross
44 [63.000000 42.000000 42.000000 49.000000] Chandler
44 [116.000000 85.000000 27.000000 47.000000] Monica
45 [73.000000 48.000000 33.000000 48.000000] Chandler
45 [125.000000 86.000000 28.000000 39.000000] Monica
46 [74.000000 48.000000 35.000000 46.000000] Chandler
46 [138.000000 83.000000 24.000000 37.000000] Monica
48 [89.000000 51.000000 40.000000 63.000000] Chandler
49 [96.000000 51.000000 37.000000 51.000000] Chandler
49 [254.000000 39.000000 20.000000 57.000000] Monica
50 [204.000000 62.000000 27.000000 55.000000] Monica
51 [172.000000 50.000000 33.000000 52.000000] Monica
52 [180.000000 48.000000 38.000000 53.000000] Monica
53 [50.000000 52.000000 21.000000 26.000000] Joey
54 [168.000000 27.000000 18.000000 29.000000] Monica
55 [178.000000 46.000000 34.000000 39.000000] Chandler
55 [68.000000 89.000000 25.000000 35.000000] Monica
56 [120.000000 66.000000 31.000000 43.000000] Joey
57 [68.000000 68.000000 27.000000 40.000000] Monica
57 [170.000000 35.000000 30.000000 45.000000] Chandler
58 [121.000000 64.000000 32.000000 37.000000] joey
59 [165.000000 41.000000 13.000000 20.000000] Monica
60 [82.000000 71.000000 26.000000 28.000000] Monica
60 [153.000000 34.000000 30.000000 43.000000] Chandler
61 [91.000000 40.000000 37.000000 45.000000] Joey
62 [96.000000 39.000000 37.000000 48.000000] Joey
63 [49.000000 38.000000 17.000000 30.000000] Joey
64 [130.000000 24.000000 35.000000 61.000000] Joey
65 [127.000000 40.000000 32.000000 50.000000] Joey
66 [171.000000 29.000000 28.000000 44.000000] Chandler
66 [59.000000 72.000000 23.000000 39.000000] Monica
67 [58.000000 66.000000 26.000000 44.000000] Monica
67 [186.000000 34.000000 27.000000 43.000000] Chandler
67 [57.000000 69.000000 27.000000 39.000000] Monica
67 [187.000000 34.000000 25.000000 41.000000] Chandler
68 [74.000000 36.000000 34.000000 52.000000] Joey
68 [222.000000 83.000000 34.000000 47.000000] Monica
69 [95.000000 41.000000 34.000000 57.000000] Joey
70 [178.000000 37.000000 26.000000 36.000000] Chandler
71 [117.000000 40.000000 38.000000 55.000000] Joey
74 [159.000000 41.000000 36.000000 55.000000] Phoebe
75 [200.000000 47.000000 19.000000 39.000000] Monica
76 [180.000000 31.000000 29.000000 40.000000] Monica
77 [133.000000 56.000000 39.000000 52.000000] Phoebe
79 [94.000000 51.000000 46.000000 53.000000] Monica
80 [161.000000 46.000000 37.000000 57.000000] Ross
81 [155.000000 48.000000 40.000000 55.000000] Ross
82 [90.000000 91.000000 42.000000 49.000000] Monica
83 [104.000000 51.000000 38.000000 52.000000] Phoebe
84 [97.000000 67.000000 28.000000 40.000000] Phoebe
85 [102.000000 49.000000 44.000000 58.000000] Phoebe
86 [107.000000 55.000000 15.000000 21.000000] Monica
87 [112.000000 48.000000 17.000000 22.000000] Monica
88 [103.000000 47.000000 41.000000 60.000000] Phoebe
89 [101.000000 64.000000 46.000000 54.000000] Phoebe
90 [164.000000 51.000000 38.000000 53.000000] Ross
91 [141.000000 53.000000 39.000000 50.000000] Ross
92 [140.000000 37.000000 41.000000 53.000000] Phoebe
93 [137.000000 48.000000 43.000000 58.000000] Phoebe
94 [145.000000 51.000000 35.000000 61.000000] Ross
95 [164.000000 45.000000 34.000000 56.000000] Ross
96 [174.000000 45.000000 30.000000 51.000000] Ross
97 [131.000000 59.000000 38.000000 55.000000] Phoebe
98 [126.000000 49.000000 45.000000 55.000000] Phoebe
99 [128.000000 37.000000 40.000000 56.000000] Phoebe
100 [96.000000 59.000000 44.000000 50.000000] Phoebe
101 [54.000000 53.000000 13.000000 19.000000] Phoebe
104 [63.000000 45.000000 29.000000 48.000000] Phoebe
104 [165.000000 28.000000 25.000000 50.000000] Ross
105 [85.000000 63.000000 25.000000 38.000000] Phoebe
105 [164.000000 41.000000 35.000000 48.000000] Ross
106 [218.000000 34.000000 13.000000 22.000000] Monica
107 [119.000000 41.000000 36.000000 51.000000] Chandler
108 [152.000000 40.000000 33.000000 48.000000] Monica
109 [91.000000 46.000000 31.000000 43.000000] Chandler
110 [154.000000 39.000000 38.000000 49.000000] Monicaç
113 [110.000000 40.000000 25.000000 38.000000] Rachel
114 [89.000000 37.000000 28.000000 40.000000] Chandler
114 [198.000000 74.000000 16.000000 34.000000] Monica
115 [111.000000 38.000000 22.000000 36.000000] Rachel
116 [81.000000 34.000000 30.000000 45.000000] Chandler
116 [201.000000 75.000000 20.000000 32.000000] Monica
117 [124.000000 39.000000 23.000000 30.000000] Rachel
118 [143.000000 43.000000 29.000000 50.000000] Rachel
119 [127.000000 49.000000 28.000000 44.000000] Rachel
120 [88.000000 34.000000 32.000000 45.000000] Chandler
120 [204.000000 76.000000 22.000000 35.000000] Monica
121 [127.000000 46.000000 26.000000 41.000000] Rachel
124 [171.000000 48.000000 31.000000 46.000000] Monica
125 [95.000000 49.000000 22.000000 43.000000] Rachel
126 [178.000000 42.000000 31.000000 51.000000] Monica
127 [147.000000 30.000000 34.000000 53.000000] Chandler
128 [172.000000 50.000000 22.000000 48.000000] Monica
130 [124.000000 39.000000 26.000000 44.000000] Monica
131 [62.000000 53.000000 23.000000 34.000000] Monica
131 [200.000000 35.000000 27.000000 37.000000] Rachel
132 [60.000000 57.000000 25.000000 34.000000] Monica
132 [204.000000 40.000000 24.000000 35.000000] Rachel
133 [127.000000 51.000000 40.000000 52.000000] Chandler
134 [63.000000 63.000000 16.000000 30.000000] Monica
134 [183.000000 26.000000 28.000000 33.000000] Chandler
135 [123.000000 41.000000 16.000000 33.000000] Rachel
136 [47.000000 80.000000 22.000000 37.000000] Monica
138 [135.000000 46.000000 34.000000 58.000000] Ross
139 [39.000000 52.000000 26.000000 34.000000] A
139 [105.000000 45.000000 22.000000 30.000000] B
139 [202.000000 36.000000 23.000000 28.000000] C
140 [104.000000 41.000000 40.000000 66.000000] Ross
141 [134.000000 61.000000 34.000000 60.000000] Ross
142 [139.000000 65.000000 30.000000 52.000000] Ross
143 [135.000000 42.000000 27.000000 48.000000] Phoebe
144 [48.000000 51.000000 35.000000 47.000000] A
144 [171.000000 43.000000 25.000000 45.000000] B
145 [130.000000 55.000000 26.000000 41.000000] Phoebe
146 [60.000000 55.000000 33.000000 45.000000] A
146 [178.000000 37.000000 31.000000 44.000000] B
147 [110.000000 34.000000 37.000000 46.000000] Phoebe
148 [219.000000 37.000000 20.000000 32.000000] C
149 [122.000000 56.000000 33.000000 58.000000] Ross
150 [141.000000 45.000000 44.000000 55.000000] C
151 [81.000000 72.000000 24.000000 39.000000] Phoebe
152 [154.000000 61.000000 27.000000 50.000000] Ross
153 [121.000000 71.000000 36.000000 51.000000] Ross
154 [144.000000 70.000000 30.000000 46.000000] Ross
155 [98.000000 61.000000 22.000000 53.000000] Ross
156 [205.000000 54.000000 29.000000 47.000000] Ross
157 [130.000000 47.000000 27.000000 50.000000] Phoebe
158 [198.000000 49.000000 32.000000 45.000000] Ross
159 [149.000000 62.000000 29.000000 50.000000] Ross
160 [133.000000 51.000000 32.000000 46.000000] Phoebe
161 [122.000000 39.000000 35.000000 48.000000] Phoebe
162 [220.000000 52.000000 20.000000 30.000000] C
163 [164.000000 51.000000 30.000000 46.000000] Ross
164 [219.000000 60.000000 18.000000 36.000000] Ross
165 [95.000000 37.000000 34.000000 45.000000] Ross
166 [66.000000 58.000000 27.000000 49.000000] B
166 [201.000000 49.000000 25.000000 45.000000] C
167 [70.000000 63.000000 28.000000 48.000000] B
167 [204.000000 52.000000 32.000000 46.000000] C
168 [34.000000 120.000000 13.000000 21.000000] A
168 [139.000000 116.000000 11.000000 22.000000] C
168 [228.000000 25.000000 12.000000 22.000000] Ross
169 [207.000000 36.000000 15.000000 29.000000] Chandler
170 [135.000000 54.000000 30.000000 42.000000] Monicaç
171 [128.000000 49.000000 36.000000 47.000000] Chandler
172 [138.000000 36.000000 35.000000 55.000000] Chandler
173 [160.000000 27.000000 28.000000 48.000000] Chandler
174 [122.000000 61.000000 39.000000 47.000000] Chandler
176 [179.000000 58.000000 30.000000 38.000000] Chandler
177 [121.000000 58.000000 32.000000 41.000000] Monica
178 [74.000000 64.000000 13.000000 18.000000] Monica
178 [183.000000 34.000000 14.000000 25.000000] Chandler
179 [79.000000 50.000000 18.000000 29.000000] Monica
180 [99.000000 42.000000 11.000000 22.000000] Monica
180 [180.000000 114.000000 16.000000 20.000000] Rachel
181 [105.000000 62.000000 38.000000 41.000000] Monica
182 [151.000000 50.000000 30.000000 46.000000] Rachel
183 [129.000000 61.000000 29.000000 44.000000] monica
184 [124.000000 63.000000 28.000000 49.000000] Monica
185 [172.000000 47.000000 34.000000 50.000000] Rachel
186 [205.000000 53.000000 22.000000 43.000000] Rachel
187 [133.000000 54.000000 26.000000 39.000000] Monica
188 [98.000000 59.000000 22.000000 39.000000] Monica
189 [100.000000 74.000000 24.000000 37.000000] Monica
190 [159.000000 44.000000 36.000000 54.000000] Rachel
191 [129.000000 56.000000 26.000000 49.000000] Monica
192 [47.000000 84.000000 17.000000 30.000000] Monica
192 [212.000000 54.000000 19.000000 29.000000] Rachel
193 [51.000000 86.000000 19.000000 29.000000] Monica
193 [213.000000 46.000000 16.000000 34.000000] rachel
194 [101.000000 56.000000 40.000000 50.000000] monica
195 [187.000000 95.000000 32.000000 33.000000] Rachel
196 [136.000000 54.000000 27.000000 45.000000] Rachel
197 [58.000000 82.000000 13.000000 27.000000] Monica
197 [195.000000 52.000000 17.000000 19.000000] Rachel
198 [89.000000 56.000000 16.000000 28.000000] Chandler
198 [204.000000 43.000000 14.000000 25.000000] Joey
199 [173.000000 51.000000 30.000000 36.000000] Joey
200 [155.000000 40.000000 28.000000 46.000000] Joey
Session: 3
2 [178.000000 29.000000 11.000000 16.000000] Ross
3 [156.000000 38.000000 34.000000 52.000000] Ross
4 [222.000000 21.000000 15.000000 20.000000] Ross
7 [163.000000 31.000000 42.000000 71.000000] Ross
8 [81.000000 49.000000 34.000000 50.000000] Phoebe
9 [152.000000 49.000000 39.000000 61.000000] Ross
10 [120.000000 27.000000 26.000000 51.000000] Phoebe
14 [119.000000 68.000000 30.000000 40.000000] Phoebe
15 [86.000000 54.000000 29.000000 47.000000] Rachel
16 [96.000000 55.000000 25.000000 37.000000] Phoebe
17 [71.000000 49.000000 28.000000 43.000000] Phoebe
18 [174.000000 43.000000 28.000000 43.000000] Ross
19 [85.000000 55.000000 27.000000 39.000000] Phoebe
20 [177.000000 39.000000 28.000000 40.000000] Ross
21 [84.000000 50.000000 29.000000 42.000000] Phoebe
22 [151.000000 46.000000 31.000000 40.000000] Ross
23 [79.000000 50.000000 30.000000 41.000000] Phoebe
24 [168.000000 41.000000 24.000000 42.000000] Ross
25 [74.000000 45.000000 30.000000 42.000000] Phoebe
26 [181.000000 42.000000 29.000000 43.000000] Ross
27 [148.000000 50.000000 26.000000 46.000000] Ross
28 [66.000000 59.000000 29.000000 36.000000] Phoebe
29 [67.000000 52.000000 29.000000 38.000000] Phoebe
30 [129.000000 46.000000 27.000000 43.000000] Rachel
31 [79.000000 59.000000 27.000000 35.000000] Phoebe
31 [204.000000 31.000000 27.000000 39.000000] Ross
32 [110.000000 56.000000 26.000000 38.000000] Phoebe
32 [191.000000 34.000000 26.000000 40.000000] Ross
34 [128.000000 79.000000 32.000000 56.000000] Rachel
36 [118.000000 41.000000 25.000000 35.000000] Rachel
37 [150.000000 50.000000 27.000000 46.000000] Monica
38 [94.000000 43.000000 48.000000 51.000000] Phoebe
40 [115.000000 36.000000 31.000000 43.000000] Chandler
41 [140.000000 63.000000 32.000000 55.000000] Ross
44 [74.000000 46.000000 33.000000 44.000000] Chandler
44 [115.000000 89.000000 33.000000 45.000000] Monica
45 [74.000000 51.000000 33.000000 45.000000] Chandler
45 [124.000000 85.000000 28.000000 40.000000] Monica
46 [75.000000 53.000000 33.000000 39.000000] Chandler
46 [135.000000 84.000000 25.000000 39.000000] Monica
48 [88.000000 57.000000 41.000000 57.000000] Chandler
49 [97.000000 54.000000 35.000000 46.000000] Chandler
49 [251.000000 52.000000 27.000000 44.000000] monica
50 [205.000000 68.000000 28.000000 48.000000] monica
51 [172.000000 50.000000 34.000000 52.000000] Monica
52 [179.000000 52.000000 40.000000 49.000000] Monica
53 [50.000000 54.000000 20.000000 22.000000] Joey
54 [167.000000 28.000000 20.000000 27.000000] Monica
55 [67.000000 91.000000 29.000000 34.000000] monica
55 [176.000000 50.000000 36.000000 39.000000] Chandler
56 [118.000000 67.000000 33.000000 41.000000] Joey
57 [67.000000 69.000000 27.000000 37.000000] Monica
57 [167.000000 40.000000 34.000000 41.000000] Chandler
58 [120.000000 65.000000 31.000000 35.000000] Joey
59 [166.000000 42.000000 13.000000 21.000000] Monica
60 [83.000000 68.000000 22.000000 31.000000] Monica
60 [156.000000 38.000000 22.000000 36.000000] Chandler
61 [96.000000 43.000000 32.000000 43.000000] Joey
62 [96.000000 38.000000 35.000000 47.000000] Joey
63 [48.000000 39.000000 18.000000 26.000000] Joey
63 [190.000000 57.000000 12.000000 23.000000] Monica
64 [129.000000 23.000000 38.000000 61.000000] joey
65 [126.000000 43.000000 35.000000 46.000000] Joey
66 [58.000000 76.000000 23.000000 38.000000] Monica
66 [170.000000 30.000000 28.000000 45.000000] Chandler
67 [57.000000 69.000000 25.000000 39.000000] Monica
67 [187.000000 35.000000 24.000000 39.000000] Chandler
68 [73.000000 45.000000 36.000000 43.000000] Chandler
68 [222.000000 84.000000 32.000000 43.000000] Monica
69 [97.000000 46.000000 32.000000 49.000000] Joey
70 [179.000000 31.000000 26.000000 42.000000] Chandler
71 [118.000000 41.000000 36.000000 51.000000] Joey
74 [157.000000 44.000000 38.000000 53.000000] Phoebe
75 [196.000000 50.000000 24.000000 34.000000] Monica
76 [182.000000 33.000000 27.000000 38.000000] Monica
77 [131.000000 59.000000 42.000000 47.000000] Phoebe
79 [95.000000 51.000000 45.000000 51.000000] Monica
80 [162.000000 47.000000 36.000000 55.000000] Ross
81 [157.000000 49.000000 38.000000 53.000000] Ross
82 [89.000000 96.000000 43.000000 43.000000] Monica
83 [104.000000 56.000000 37.000000 50.000000] Phoebe
84 [96.000000 67.000000 30.000000 41.000000] Phoebe
85 [103.000000 53.000000 43.000000 53.000000] Phoebe
86 [106.000000 55.000000 16.000000 23.000000] Monica
87 [111.000000 49.000000 20.000000 22.000000] Monica
88 [104.000000 51.000000 42.000000 49.000000] Phoebe
89 [102.000000 69.000000 48.000000 50.000000] Phoebe
90 [164.000000 51.000000 37.000000 57.000000] Ross
91 [142.000000 51.000000 37.000000 54.000000] Ross
92 [144.000000 37.000000 39.000000 57.000000] Phoebe
93 [139.000000 50.000000 41.000000 55.000000] Phoebe
94 [144.000000 59.000000 37.000000 53.000000] Ross
95 [161.000000 47.000000 37.000000 56.000000] Ross
96 [173.000000 54.000000 33.000000 49.000000] Ross
97 [133.000000 63.000000 37.000000 51.000000] Phoebe
98 [130.000000 54.000000 43.000000 51.000000] Phoebe
99 [128.000000 39.000000 39.000000 55.000000] Phoebe
100 [96.000000 58.000000 46.000000 50.000000] Phoebe
101 [54.000000 53.000000 12.000000 20.000000] Phoebe
104 [62.000000 50.000000 30.000000 42.000000] Phoebe
104 [164.000000 35.000000 31.000000 48.000000] Ross
105 [167.000000 46.000000 31.000000 48.000000] Ross
106 [218.000000 33.000000 11.000000 22.000000] Monica
107 [118.000000 40.000000 37.000000 54.000000] Chandler
108 [152.000000 47.000000 34.000000 44.000000] Monica
109 [94.000000 49.000000 27.000000 39.000000] Chandler
110 [155.000000 43.000000 36.000000 46.000000] Monica
113 [108.000000 41.000000 27.000000 32.000000] Rachel
114 [87.000000 41.000000 31.000000 36.000000] Chandler
114 [198.000000 71.000000 18.000000 38.000000] Monica
115 [111.000000 41.000000 23.000000 33.000000] Rachel
116 [81.000000 38.000000 30.000000 38.000000] Chandler
116 [201.000000 73.000000 18.000000 35.000000] Monica
117 [122.000000 37.000000 24.000000 33.000000] Rachel
118 [139.000000 43.000000 32.000000 50.000000] Rachel
119 [125.000000 51.000000 30.000000 44.000000] Rachel
120 [89.000000 32.000000 30.000000 45.000000] Chandler
120 [203.000000 77.000000 21.000000 35.000000] Monica
121 [124.000000 41.000000 31.000000 47.000000] Rachel
124 [171.000000 49.000000 33.000000 45.000000] Monica
125 [94.000000 48.000000 22.000000 42.000000] Rachel
126 [178.000000 46.000000 31.000000 42.000000] Monica
127 [145.000000 37.000000 38.000000 47.000000] Chandler
128 [171.000000 52.000000 21.000000 47.000000] Monica
130 [123.000000 42.000000 27.000000 41.000000] Monica
131 [61.000000 55.000000 23.000000 35.000000] Monica
131 [201.000000 35.000000 25.000000 39.000000] Rachel
132 [60.000000 58.000000 25.000000 31.000000] Monica
132 [202.000000 40.000000 25.000000 37.000000] Rachel
133 [129.000000 51.000000 38.000000 53.000000] Chandler
134 [61.000000 61.000000 19.000000 31.000000] Monica
134 [182.000000 28.000000 28.000000 28.000000] Chandler
135 [121.000000 42.000000 19.000000 31.000000] Rachel
136 [48.000000 86.000000 22.000000 31.000000] Monica
138 [132.000000 51.000000 35.000000 60.000000] Ross
139 [38.000000 55.000000 26.000000 31.000000] A
139 [105.000000 45.000000 23.000000 28.000000] B
139 [203.000000 34.000000 24.000000 33.000000] C
140 [105.000000 44.000000 40.000000 65.000000] Ross
141 [134.000000 53.000000 32.000000 69.000000] Ross
142 [138.000000 64.000000 33.000000 57.000000] Ross
143 [134.000000 42.000000 29.000000 49.000000] Phoebe
144 [50.000000 53.000000 35.000000 47.000000] A
144 [170.000000 45.000000 27.000000 43.000000] B
145 [130.000000 53.000000 27.000000 47.000000] Phoebe
146 [61.000000 57.000000 32.000000 43.000000] A
146 [177.000000 36.000000 31.000000 47.000000] B
147 [110.000000 35.000000 35.000000 46.000000] Phoebe
148 [218.000000 36.000000 21.000000 32.000000] C
149 [119.000000 54.000000 36.000000 59.000000] Ross
150 [141.000000 45.000000 45.000000 55.000000] C
151 [82.000000 72.000000 23.000000 41.000000] Phoebe
152 [153.000000 59.000000 27.000000 53.000000] Ross
153 [121.000000 69.000000 37.000000 53.000000] Ross
154 [143.000000 71.000000 31.000000 48.000000] Ross
156 [205.000000 52.000000 30.000000 48.000000] Ross
157 [127.000000 46.000000 31.000000 53.000000] Phoebe
158 [199.000000 48.000000 32.000000 49.000000] Ross
159 [150.000000 59.000000 29.000000 53.000000] Ross
160 [131.000000 49.000000 34.000000 50.000000] Phoebe
161 [121.000000 39.000000 36.000000 52.000000] Phoebe
162 [217.000000 53.000000 24.000000 29.000000] C
163 [164.000000 49.000000 33.000000 45.000000] Ross
165 [96.000000 35.000000 32.000000 51.000000] Ross
166 [65.000000 59.000000 31.000000 47.000000] B
166 [201.000000 51.000000 26.000000 50.000000] C
167 [71.000000 63.000000 28.000000 47.000000] B
167 [205.000000 56.000000 32.000000 43.000000] C
168 [34.000000 122.000000 13.000000 18.000000] A
168 [229.000000 26.000000 12.000000 20.000000] Ross
170 [135.000000 54.000000 31.000000 44.000000] Monica
171 [126.000000 45.000000 37.000000 48.000000] Chandler
172 [140.000000 32.000000 34.000000 58.000000] Chandler
173 [158.000000 28.000000 30.000000 46.000000] Chandler
174 [125.000000 63.000000 33.000000 46.000000] Chandler
176 [180.000000 52.000000 28.000000 45.000000] Chandler
177 [121.000000 57.000000 33.000000 39.000000] Monica
178 [182.000000 32.000000 15.000000 25.000000] Chandler
178 [74.000000 63.000000 12.000000 20.000000] Monica
179 [80.000000 47.000000 19.000000 32.000000] Monica
180 [95.000000 42.000000 16.000000 20.000000] Monica
180 [182.000000 113.000000 14.000000 20.000000] Rachel
181 [105.000000 65.000000 40.000000 37.000000] Monica
182 [150.000000 49.000000 30.000000 48.000000] Rachel
183 [129.000000 58.000000 28.000000 52.000000] Monica
184 [121.000000 65.000000 31.000000 50.000000] Monica
185 [171.000000 48.000000 35.000000 48.000000] Rachel
186 [202.000000 53.000000 22.000000 45.000000] Rachel
187 [133.000000 54.000000 27.000000 42.000000] monica
188 [97.000000 61.000000 22.000000 35.000000] Monicaç
189 [99.000000 74.000000 25.000000 36.000000] Monica
190 [157.000000 49.000000 41.000000 52.000000] Rachel
191 [125.000000 59.000000 32.000000 48.000000] Monica
192 [48.000000 84.000000 17.000000 30.000000] Monica
192 [208.000000 56.000000 24.000000 28.000000] rachel
193 [53.000000 86.000000 17.000000 31.000000] Monica
193 [214.000000 48.000000 18.000000 31.000000] Rachel
194 [99.000000 61.000000 42.000000 47.000000] Monica
195 [186.000000 94.000000 37.000000 35.000000] Rachel
196 [133.000000 55.000000 32.000000 45.000000] Rachel
197 [196.000000 50.000000 15.000000 21.000000] Rachel
198 [91.000000 55.000000 14.000000 32.000000] Chandler
198 [203.000000 42.000000 14.000000 27.000000] Joey
199 [174.000000 47.000000 31.000000 41.000000] Joey
200 [152.000000 41.000000 30.000000 45.000000] Joey