video2.mat
Isaac Cano
Session: 1
7 [165.5 63.5 38.6667 38.6667] Phoebe
8 [139.5 61.5 36 36] Phoebe
9 [140.833 60.8333 36 36] Phoebe
11 [194.167 58.1667 26.6667 26.6667] Chendler
12 [201.5 124.833 36 36] Monica
15 [120.167 74.8333 40 40] Ross
16 [93.5 57.5 24 24] Chendler
17 [100.167 62.1667 26.6667 26.6667] Chendler
18 [98.8333 62.1667 28 28] Chendler
18 [210.833 112.833 22.6667 22.6667] Monica
19 [190.167 58.8333 18.6667 18.6667] Chendler
26 [132.167 84.1667 41.3333 41.3333] Phoebe
28 [125.5 55.5 28 28] Chendler
28 [113.5 106.167 25.3333 25.3333] Monica
28 [74.8333 148.167 32 32] Phoebe
29 [128.833 42.8333 38.6667 38.6667] Joey
34 [132.167 66.8333 30.6667 30.6667] Chendler
40 [120.833 62.8333 37.3333 37.3333] Ross
43 [162.167 36.8333 22.6667 22.6667] Chendler
43 [152.833 81.5 24 24] Monica
47 [152.167 76.8333 45.3333 45.3333] Rachel
50 [155.5 51.5 21.3333 21.3333] Chendler
50 [132.833 98.8333 21.3333 21.3333] Monica
50 [94.8333 144.167 28 28] Phoebe
51 [52.8333 130.833 25.3333 25.3333] Monica
53 [164.833 70.8333 32 32] Phoebe
57 [40.8333 69.5 20 20] Chendler
58 [56.8333 77.5 30.6667 30.6667] Chendler
59 [152.167 58.8333 36 36] Monica
68 [150.833 68.8333 44 44] Ross
69 [158.167 72.8333 38.6667 38.6667] Ross
71 [164.167 70.1667 33.3333 33.3333] Ross
72 [178.167 49.5 41.3333 41.3333] Ross
73 [148.167 66.1667 49.3333 49.3333] Ross
74 [146.167 68.1667 52 52] Ross
76 [73.5 59.5 29.3333 29.3333] Chendler
76 [123.5 101.5 26.6667 26.6667] Monica
77 [74.8333 60.1667 32 32] Chendler
77 [124.167 100.167 29.3333 29.3333] Monica
78 [75.5 61.5 29.3333 29.3333] Chendler
78 [126.833 96.1667 28 28] Monica
79 [186.833 96.1667 34.6667 34.6667] Monica
79 [113.5 64.8333 30.6667 30.6667] Chendler
80 [216.167 104.167 36 36] Phoebe
80 [163.5 101.5 32 32] Monica
80 [139.5 65.5 33.3333 33.3333] Chendler
81 [226.167 105.5 32 32] Phoebe
81 [170.167 104.167 30.6667 30.6667] Monica
81 [152.167 66.8333 22.6667 22.6667] Chendler
81 [87.5 58.1667 22.6667 22.6667] Ross
82 [218.833 103.5 38.6667 38.6667] Phoebe
82 [168.167 104.167 29.3333 29.3333] Monica
82 [150.833 68.1667 25.3333 25.3333] Chendler
82 [56.1667 55.5 21.3333 21.3333] Ross
83 [217.5 103.5 33.3333 33.3333] Phoebe
83 [149.5 66.8333 30.6667 30.6667] Chendler
83 [56.1667 54.8333 21.3333 21.3333] Ross
84 [150.167 68.8333 30.6667 30.6667] Chendler
84 [178.167 102.167 26.6667 26.6667] Monica
84 [230.167 97.5 33.3333 33.3333] Phoebe
84 [59.5 57.5 21.3333 21.3333] Ross
85 [228.167 97.5 34.6667 34.6667] Phoebe
85 [57.5 56.8333 21.3333 21.3333] Ross
86 [187.5 96.1667 25.3333 25.3333] Monica
88 [190.167 72.1667 29.3333 29.3333] Chendler
89 [159.5 40.1667 14.6667 14.6667] Ross
91 [164.167 42.8333 16 16] Chendler
94 [73.5 107.5 26.6667 26.6667] Monica
95 [119.5 46.8333 20 20] Chendler
101 [115.5 73.5 52 52] Joey
106 [116.833 56.1667 18.6667 18.6667] Rachel
110 [168.167 64.8333 22.6667 22.6667] Ross
113 [101.5 18.8333 20 20] Monica
118 [187.5 46.1667 22.6667 22.6667] Ross
119 [136.833 60.8333 30.6667 30.6667] Rachel
120 [154.167 74.1667 44 44] Ross
124 [167.5 52.1667 16 16] Joey
125 [106.167 60.8333 37.3333 37.3333] Joey
125 [180.167 85.5 18.6667 18.6667] Rachel
126 [172.167 80.1667 34.6667 34.6667] Rachel
126 [105.5 58.8333 30.6667 30.6667] Joey
128 [178.833 76.1667 28 28] Rachel
129 [52.1667 91.5 25.3333 25.3333] Monica
129 [124.833 59.5 29.3333 29.3333] Chendler
129 [203.5 75.5 30.6667 30.6667] Phoebe
130 [70.8333 108.167 40 40] Monica
130 [178.833 62.1667 44 44] Chendler
131 [78.1667 112.167 37.3333 37.3333] Monica
132 [192.833 71.5 26.6667 26.6667] Rachel
132 [80.8333 43.5 33.3333 33.3333] Joey
133 [175.5 66.8333 45.3333 45.3333] Chendler
133 [70.8333 114.167 36 36] Monica
136 [68.1667 106.833 37.3333 37.3333] Monica
136 [150.167 74.1667 34.6667 34.6667] Chendler
140 [134.833 70.1667 44 44] Joey
142 [148.167 72.8333 41.3333 41.3333] Rachel
143 [155.5 70.1667 44 44] Rachel
144 [92.1667 67.5 41.3333 41.3333] Joey
145 [178.167 89.5 41.3333 41.3333] Rachel
146 [114.833 69.5 41.3333 41.3333] Joey
147 [126.167 76.1667 40 40] Joey
148 [138.833 78.8333 42.6667 42.6667] Phoebe
150 [141.5 76.1667 57.3333 57.3333] Rachel
151 [139.5 75.5 42.6667 42.6667] Rachel
154 [125.5 95.5 60 60] Ross
155 [150.167 62.8333 44 44] Rachel
156 [128.833 92.1667 68 68] Ross
158 [126.833 70.8333 36 36] Joey
161 [122.833 98.8333 57.3333 57.3333] Ross
162 [86.1667 38.1667 20 20] Joey
163 [90.8333 44.1667 25.3333 25.3333] Joey
167 [142.833 70.8333 40 40] Chendler
174 [183.5 68.1667 41.3333 41.3333] Ross
175 [95.5 83.5 38.6667 38.6667] Monica
176 [131.5 66.8333 38.6667 38.6667] Phoebe
178 [94.8333 46.8333 24 24] Chendler
180 [171.5 58.8333 37.3333 37.3333] Ross
181 [134.833 70.8333 37.3333 37.3333] Monica
182 [164.833 80.1667 48 48] Ross
183 [172.833 59.5 36 36] Ross
189 [127.5 59.5 30.6667 30.6667] Ross
189 [80.8333 68.8333 30.6667 30.6667] Chendler
190 [88.8333 73.5 29.3333 29.3333] Chendler
191 [88.1667 70.1667 38.6667 38.6667] Ross
192 [74.8333 62.1667 49.3333 49.3333] Ross
193 [87.5 65.5 44 44] Ross
194 [98.8333 76.1667 33.3333 33.3333] Chendler
195 [200.833 84.8333 25.3333 25.3333] Monica
196 [116.833 69.5 48 48] Phoebe
197 [114.833 72.1667 49.3333 49.3333] Monica
