video2
Jaume Rovira
Session: 1
3 [108 62 18 18] Chandler
6 [22.500000 92 16.500000 16.500000] Chandler
7 [169.500000 60 39.500000 39.500000] Phoebe
8 [142.500000 59 42.500000 42.500000] Phoebe
9 [143.500000 58 41.500000 41.500000] Phoebe
10 [155.500000 63 38.500000 38.500000] Phoebe
11 [191 52.500000 42.500000 42.500000] Chandler
12 [200.500000 119.500000 49 49] Monica
15 [130.500000 66 56.500000 56.500000] Ross
16 [91 54.500000 33.500000 33.500000] Chandler
17 [96.500000 57.500000 34 34] Chandler
18 [97.500000 56 31.500000 31.500000] Chandler
19 [190.500000 53 23.500000 23.500000] Chandler
22 [130 53.500000 32.500000 32.500000] Phoebe
24 [121 72.500000 52.500000 52.500000] Joey
25 [134 63 44 44] Rachel
26 [128 77.500000 49.500000 49.500000] Phoebe
28 [129.500000 48.500000 40 40] Chandler
29 [118.500000 38 37.500000 37.500000] Joey
35 [136.500000 70 77.500000 77.500000] Rachel
36 [146.500000 77.500000 57 57] Monica
37 [163.500000 67.500000 52 52] Phoebe
38 [135.500000 66.500000 55 55] Joey
39 [121.500000 79.500000 79 79] Chandler
40 [123.500000 58 43.500000 43.500000] Ross
44 [138.500000 73.500000 48 48] Rachel
45 [111 50.500000 44.500000 44.500000] Joey
46 [153.500000 73 49.500000 49.500000] Rachel
47 [156 74 54 54] Rachel
48 [148.500000 76 46.500000 46.500000] Rachel
50 [95.500000 140 32.500000 32.500000] Phoebe
51 [54 127.500000 30.500000 30.500000] Monica
53 [162.500000 67 41.500000 41.500000] Phoebe
55 [183.500000 93.500000 41 41] Monica
57 [40 65 26 26] Chandler
58 [59.500000 72 38.500000 38.500000] Chandler
59 [152.500000 54 37.500000 37.500000] Monica
60 [151 56.500000 38.500000 38.500000] Monica
61 [50.500000 59.500000 25 25] Chandler
64 [139 73.500000 36.500000 36.500000] Ross
65 [138 73 43 43] Ross
68 [153.500000 62 37.500000 37.500000] Ross
69 [162 65 43 43] Ross
71 [161 64.500000 45.500000 45.500000] Ross
72 [179 45 39 39] Ross
73 [149.500000 66 53.500000 53.500000] Ross
74 [154.500000 60 51.500000 51.500000] Ross
75 [150.500000 69 50.500000 50.500000] Ross
76 [70.500000 54.500000 38 38] Chandler
77 [74 56 34 34] Chandler
78 [72.500000 57 37.500000 37.500000] Chandler
79 [110 55 38 38] Chandler
80 [142.500000 61 29.500000 29.500000] Chandler
81 [88 57.500000 21.500000 21.500000] Ross
82 [56 52.500000 26.500000 26.500000] Ross
83 [54 50.500000 28.500000 28.500000] Ross
85 [57 52 29 29] Ross
86 [185 94.500000 31.500000 31.500000] Monica
88 [189.500000 70 35.500000 35.500000] Chandler
94 [74 103 36 36] Monica
95 [123 46 22 22] Chandler
101 [124.500000 69 47.500000 47.500000] Joey
106 [114 54.500000 30.500000 30.500000] Rachel
110 [164 60 36 36] Ross
112 [113 64.500000 40.500000 40.500000] Phoebe
113 [99 16.500000 24.500000 24.500000] Monica
118 [188.500000 44 26.500000 26.500000] Ross
119 [140.500000 59 30.500000 30.500000] Rachel
120 [158.500000 68.500000 45 45] Ross
123 [130 57.500000 26.500000 26.500000] Rachel
125 [97.500000 58.500000 35 35] Joey
126 [177.500000 80.500000 31 31] Rachel
128 [181.500000 75.500000 33 33] Rachel
129 [52 89.500000 28.500000 28.500000] Monica
130 [183 56 47 47] Chandler
131 [79 107.500000 36.500000 36.500000] Monica
133 [177 60.500000 45.500000 45.500000] Chandler
136 [159 68.500000 36.500000 36.500000] Chandler
140 [125 63.500000 45.500000 45.500000] Joey
142 [147.500000 70.500000 43 43] Rachel
143 [158 65.500000 43.500000 43.500000] Rachel
144 [78.500000 62 44.500000 44.500000] Joey
145 [177 86 49 49] Rachel
147 [116.500000 66.500000 41 41] Joey
148 [144 76.500000 40.500000 40.500000] Rachel
150 [149 73 50 50] Rachel
151 [146 68.500000 46.500000 46.500000] Rachel
154 [123 88 69 69] Ross
156 [131 85 71 71] Ross
158 [116 66.500000 55.500000 55.500000] Joey
161 [117.500000 92.500000 81 81] Ross
163 [83 40.500000 28.500000 28.500000] Joey
167 [147 65.500000 47.500000 47.500000] Chandler
174 [176 67.500000 45.500000 45.500000] Ross
175 [96 81 39 39] Monica
176 [134 58.500000 36.500000 36.500000] Phoebe
178 [96 44 40 40] Chandler
180 [166 55 42 42] Ross
181 [142.500000 64.500000 42 42] Monica
182 [172 73.500000 61.500000 61.500000] Ross
183 [169.500000 51.500000 44 44] Ross
185 [110 67 54 54] Chandler
189 [119 56.500000 33.500000 33.500000] Ross
190 [90.500000 74.500000 42 42] Chandler
191 [78 61.500000 50.500000 50.500000] Ross
192 [66 53 50 50] Ross
194 [103 69 39 39] Chandler
196 [122 58.500000 56.500000 56.500000] Phoebe
197 [117 64 53 53] Phoebe
Session: 2
7 [172 56.500000 38.500000 38.500000] Phoebe
8 [144 53.500000 39.500000 39.500000] Phoebe
9 [143.500000 55.500000 45 45] Phoebe
11 [191 53.500000 42.500000 42.500000] Chandler
12 [201.500000 118 53.500000 53.500000] Monica
15 [128 65.500000 56.500000 56.500000] Ross
16 [93 54.500000 31.500000 31.500000] Chandler
18 [98.500000 55.500000 32 32] Chandler
19 [193 55 21 21] Chandler
25 [137.500000 63.500000 40 40] Rachel
26 [130.500000 78.500000 49 49] Phoebe
28 [130 54 35 35] Chandler
29 [121 42.500000 39.500000 39.500000] Joey
34 [134 62.500000 42.500000 42.500000] Chandler
35 [138.500000 64 74.500000 74.500000] Rachel
36 [145 79.500000 52.500000 52.500000] Monica
37 [160.500000 67 44.500000 44.500000] Phoebe
38 [134.500000 63.500000 57 57] Joey
40 [122.500000 59 48.500000 48.500000] Ross
44 [136 82.500000 44.500000 44.500000] Rachel
45 [114 46 50 50] Joey
46 [146.500000 76 49.500000 49.500000] Rachel
47 [157 69 58 58] Rachel
48 [152 74 53 53] Rachel
50 [133 96 32 32] Monica
51 [53.500000 128.500000 35 35] Monica
53 [163.500000 67.500000 46 46] Phoebe
55 [176 89.500000 46.500000 46.500000] Monica
57 [40.500000 65.500000 32 32] Chandler
58 [58 69 36 36] Chandler
59 [152 53.500000 42.500000 42.500000] Monica
64 [137.500000 70.500000 44 44] Ross
65 [132 67 52 52] Ross
68 [154.500000 69 47.500000 47.500000] Ross
69 [163 67 43 43] Ross
71 [164.500000 63.500000 44 44] Ross
72 [183 45.500000 37.500000 37.500000] Ross
73 [154 65 50 50] Ross
74 [154.500000 61 55.500000 55.500000] Ross
75 [146.500000 67 53.500000 53.500000] Ross
76 [72.500000 57 34.500000 34.500000] Chandler
77 [74.500000 54.500000 42 42] Chandler
78 [74 53.500000 36.500000 36.500000] Chandler
79 [109.500000 56 40.500000 40.500000] Chandler
80 [144 61 33 33] Chandler
81 [86 54 30 30] Ross
82 [57 52.500000 32.500000 32.500000] Ross
83 [54 54 30 30] Ross
84 [59.500000 56 31.500000 31.500000] Ross
85 [57.500000 56.500000 34 34] Ross
86 [189 94.500000 31.500000 31.500000] Monica
88 [189.500000 64 40.500000 40.500000] Chandler
100 [130 44.500000 53.500000 53.500000] Joey
101 [126.500000 65.500000 54 54] Joey
106 [114.500000 55 30.500000 30.500000] Ross
110 [166.500000 56 38.500000 38.500000] Ross
112 [114.500000 60.500000 45 45] Phoebe
118 [189.500000 43 29.500000 29.500000] Ross
119 [141 57.500000 41.500000 41.500000] Rachel
120 [159.500000 69 47.500000 47.500000] Ross
125 [98.500000 56.500000 41 41] Joey
126 [93.500000 54.500000 41 41] Joey
127 [96 44 41 41] Joey
128 [94.500000 44.500000 43 43] Joey
129 [51 85.500000 34.500000 34.500000] Monica
130 [198 49 52 52] Chandler
131 [77 104 45 45] Monica
132 [191.500000 68.500000 38 38] Rachel
133 [184 66.500000 48.500000 48.500000] Chandler
136 [157 69.500000 48.500000 48.500000] Chandler
140 [127.500000 60 50.500000 50.500000] Joey
142 [151 68.500000 44.500000 44.500000] Rachel
143 [162.500000 66.500000 47 47] Rachel
144 [80.500000 64 52.500000 52.500000] Joey
146 [107 65.500000 40.500000 40.500000] Joey
147 [118.500000 66 46.500000 46.500000] Joey
148 [144.500000 81.500000 47 47] Rachel
149 [117.500000 69 66.500000 66.500000] Joey
150 [151 76 54 54] Rachel
151 [146 79.500000 52.500000 52.500000] Rachel
154 [127 88 74 74] Ross
155 [156 62.500000 44.500000 44.500000] Rachel
156 [128.500000 86.500000 78 78] Ross
158 [115.500000 64.500000 59 59] Joey
161 [122 92.500000 85.500000 85.500000] Ross
163 [85.500000 40.500000 34 34] Joey
167 [146 60.500000 51.500000 51.500000] Chandler
174 [176.500000 66 45.500000 45.500000] Ross
175 [101 80.500000 37.500000 37.500000] Monica
176 [140.500000 60.500000 48 48] Phoebe
178 [95 42.500000 40.500000 40.500000] Chandler
179 [84.500000 44.500000 37 37] Chandler
180 [164.500000 58 46.500000 46.500000] Ross
181 [142.500000 67.500000 47 47] Monica
182 [168.500000 73 53.500000 53.500000] Monica
183 [170 53.500000 40.500000 40.500000] Ross
185 [111 68.500000 58.500000 58.500000] Chandler
189 [118.500000 53 43.500000 43.500000] Ross
190 [89.500000 74.500000 41 41] Chandler
191 [79 61 59 59] Ross
192 [64 56 58 58] Ross
193 [80 55.500000 56.500000 56.500000] Ross
194 [101 71 43 43] Chandler
195 [204 79.500000 35.500000 35.500000] Monica
196 [122 58.500000 64.500000 64.500000] Phoebe
Session: 3
7 [170 58 38 38] Phoebe
8 [147 62.500000 38.500000 38.500000] Phoebe
9 [145.500000 56 43.500000 43.500000] Phoebe
10 [151.500000 57 52.500000 52.500000] Phoebe
11 [189.500000 54 37.500000 37.500000] Chandler
12 [199 120.500000 54.500000 54.500000] Monica
15 [133.500000 69.500000 54 54] Ross
16 [96.500000 58 31.500000 31.500000] Chandler
17 [96.500000 59.500000 34 34] Chandler
18 [98 57 35 35] Chandler
19 [190 52.500000 23.500000 23.500000] Chandler
24 [123 73 58 58] Joey
25 [137 63 44 44] Rachel
26 [132.500000 75.500000 50 50] Phoebe
28 [127.500000 53 35.500000 35.500000] Chandler
29 [123 42.500000 39.500000 39.500000] Joey
34 [135.500000 60.500000 43 43] Chandler
35 [137 74.500000 86.500000 86.500000] Rachel
36 [147 82 55 55] Monica
37 [165 63 56 56] Phoebe
38 [138.500000 68 61.500000 61.500000] Joey
40 [127 59 48 48] Ross
44 [135 77.500000 51.500000 51.500000] Rachel
45 [110.500000 50 49.500000 49.500000] Joey
46 [148 74 51 51] Rachel
47 [154.500000 73.500000 56 56] Rachel
48 [146.500000 82 49.500000 49.500000] Rachel
50 [156.500000 46 25.500000 25.500000] Chandler
51 [56 129 41 41] Monica
53 [159 68.500000 51.500000 51.500000] Phoebe
55 [183.500000 93 44.500000 44.500000] Monica
57 [42 65 32 32] Chandler
58 [61 72 46 46] Chandler
59 [153 48 45 45] Monica
64 [142.500000 72.500000 53 53] Ross
65 [133 70.500000 45.500000 45.500000] Ross
68 [155.500000 66.500000 44 44] Ross
69 [161 68 41 41] Ross
71 [166.500000 67 51.500000 51.500000] Ross
72 [182 44.500000 43.500000 43.500000] Ross
73 [157 56 57 57] Ross
74 [157.500000 66.500000 57 57] Ross
75 [148 74 48 48] Ross
76 [73 58.500000 40.500000 40.500000] Chandler
77 [74.500000 55.500000 40 40] Ross
78 [73.500000 57 42.500000 42.500000] Chandler
79 [194 96 37 37] Monica
80 [218 104 39 39] Phoebe
81 [88.500000 56.500000 24 24] Ross
82 [55 56.500000 30.500000 30.500000] Ross
84 [60 53 30 30] Ross
85 [57.500000 54.500000 34 34] Ross
86 [187 95 35 35] Monica
88 [190 69.500000 39.500000 39.500000] Chandler
94 [73 105.500000 42.500000 42.500000] Monica
101 [121 72.500000 48.500000 48.500000] Joey
106 [113 55 36 36] Rachel
108 [75 56 24 24] Ross
110 [162.500000 58.500000 41 41] Ross
112 [114 67.500000 47.500000 47.500000] Phoebe
113 [100 17.500000 26.500000 26.500000] Monica
118 [186.500000 44.500000 21 21] Ross
119 [139 54.500000 34.500000 34.500000] Rachel
120 [159.500000 70.500000 49 49] Ross
121 [68.500000 63 19.500000 19.500000] Rachel
123 [128 52 26 26] Rachel
124 [169.500000 49.500000 22 22] Joey
125 [99.500000 56 39.500000 39.500000] Joey
126 [180 80 35 35] Rachel
127 [97.500000 45 44.500000 44.500000] Joey
128 [182 75.500000 31.500000 31.500000] Rachel
129 [54 89.500000 30.500000 30.500000] Monica
130 [74.500000 102 44.500000 44.500000] Monica
131 [79 107.500000 55.500000 55.500000] Monica
132 [76.500000 42.500000 45 45] Joey
133 [183 63.500000 53.500000 53.500000] Chandler
136 [159.500000 69 43.500000 43.500000] Chandler
140 [126.500000 61 49.500000 49.500000] Joey
142 [152.500000 70 44.500000 44.500000] Rachel
143 [159 71.500000 43.500000 43.500000] Rachel
144 [78.500000 62.500000 50 50] Joey
145 [180 85 52 52] Rachel
146 [108.500000 69 39.500000 39.500000] Joey
147 [119.500000 74.500000 45 45] Joey
148 [143 78.500000 41.500000 41.500000] Rachel
149 [119.500000 68 60.500000 60.500000] Joey
150 [150 73 52 52] Rachel
151 [147 73 54 54] Rachel
154 [126 88 75 75] Ross
155 [160 60 53 53] Rachel
156 [130.500000 83.500000 78 78] Ross
158 [118 68 56 56] Joey
161 [123 87 97 97] Ross
163 [86.500000 40 29.500000 29.500000] Joey
167 [146 71 49 49] Chandler
173 [109.500000 61.500000 46 46] Ross
174 [176.500000 67.500000 45 45] Ross
175 [100 81 42 42] Monica
176 [140.500000 62 49.500000 49.500000] Phoebe
178 [96.500000 41.500000 38 38] Chandler
179 [81 45.500000 38.500000 38.500000] Chandler
180 [168 54 48 48] Ross
181 [140.500000 62.500000 53 53] Monica
182 [170.500000 73.500000 67 67] Ross
183 [168 55 43 43] Ross
185 [109 75 56 56] Chandler
189 [122.500000 55.500000 36 36] Ross
190 [89 73 44 44] Chandler
191 [84 58.500000 49.500000 49.500000] Ross
192 [66 55 57 57] Ross
193 [71.500000 57 58.500000 58.500000] Ross
194 [101 71 47 47] Chandler
195 [203.500000 81 39.500000 39.500000] Monica
196 [120.500000 63 57.500000 57.500000] Phoebe
197 [121.500000 60.500000 58 58] Phoebe