video1.mat
Observer: Facedetector
Session: 1
3 [1.715000e+002 5.850000e+001 57 57] unknow
6 [172 68 60 60] unknow
7 [184 64 68 68] unknow
8 [100 73 56 56] unknow
9 [169 72 64 64] unknow
10 [1.355000e+002 4.850000e+001 55 55] unknow
12 [86 106 80 80] unknow
14 [1.365000e+002 8.450000e+001 41 41] unknow
14 [112 60 70 70] unknow
14 [253 122 42 42] unknow
15 [9.750000e+001 6.750000e+001 51 51] unknow
16 [1.135000e+002 6.950000e+001 45 45] unknow
16 [237 118 34 34] unknow
17 [8.850000e+001 6.550000e+001 47 47] unknow
18 [1.855000e+002 5.750000e+001 45 45] unknow
18 [255 66 40 40] unknow
19 [102 70 46 46] unknow
19 [1.435000e+002 1.135000e+002 63 63] unknow
20 [189 53 44 44] unknow
21 [101 65 44 44] unknow
22 [1.655000e+002 5.850000e+001 43 43] unknow
23 [96 67 46 46] unknow
24 [1.775000e+002 5.550000e+001 45 45] unknow
25 [90 65 42 42] unknow
25 [2.285000e+002 6.250000e+001 51 51] unknow
25 [180 104 50 50] unknow
26 [1.965000e+002 5.850000e+001 45 45] unknow
27 [1.515000e+002 6.450000e+001 47 47] unknow
28 [83 73 44 44] unknow
28 [113 110 60 60] unknow
29 [8.150000e+001 6.750000e+001 47 47] unknow
30 [1.385000e+002 6.150000e+001 47 47] unknow
30 [62 95 58 58] unknow
31 [2.175000e+002 4.850000e+001 45 45] unknow
31 [93 77 40 40] unknow
32 [2.025000e+002 4.850000e+001 43 43] unknow
32 [123 76 46 46] unknow
32 [1.305000e+002 1.105000e+002 163 163] unknow
34 [143 98 58 58] unknow
36 [1.295000e+002 5.350000e+001 41 41] unknow
36 [118 130 148 148] unknow
37 [162 73 48 48] unknow
37 [1.605000e+002 1.575000e+002 67 67] unknow
41 [1.645000e+002 8.750000e+001 73 73] unknow
41 [212 73 88 88] unknow
44 [1.285000e+002 1.095000e+002 47 47] unknow
45 [1.375000e+002 1.045000e+002 45 45] unknow
48 [107 83 54 54] unknow
49 [2.605000e+002 6.750000e+001 45 45] unknow
49 [116 73 56 56] unknow
49 [219 161 72 72] unknow
50 [2.265000e+002 8.850000e+001 63 63] unknow
50 [136 160 80 80] unknow
51 [186 72 66 66] unknow
52 [1.975000e+002 7.150000e+001 61 61] unknow
53 [1.345000e+002 6.950000e+001 111 111] unknow
55 [80 105 40 40] unknow
55 [194 64 50 50] unknow
56 [137 83 48 48] unknow
57 [8.050000e+001 8.750000e+001 41 41] unknow
57 [183 54 50 50] unknow
60 [9.350000e+001 8.150000e+001 37 37] unknow
61 [1.125000e+002 5.950000e+001 57 57] unknow
62 [116 56 52 52] unknow
62 [119 62 88 88] unknow
64 [1.495000e+002 4.950000e+001 57 57] unknow
65 [1.425000e+002 6.350000e+001 53 53] unknow
65 [2.175000e+002 1.685000e+002 43 43] unknow
66 [181 48 46 46] unknow
66 [6.850000e+001 8.950000e+001 41 41] unknow
67 [69 87 40 40] unknow
67 [196 50 44 44] unknow
68 [9.350000e+001 6.050000e+001 55 55] unknow
68 [2.385000e+002 1.015000e+002 55 55] unknow
69 [118 65 56 56] unknow
70 [1.885000e+002 5.150000e+001 41 41] unknow
71 [1.405000e+002 6.250000e+001 63 63] unknow
74 [1.795000e+002 6.350000e+001 61 61] unknow
75 [2.115000e+002 6.350000e+001 41 41] unknow
76 [194 47 46 46] unknow
77 [154 76 64 64] unknow
79 [118 72 68 68] unknow
80 [178 67 62 62] unknow
81 [176 68 60 60] unknow
83 [124 72 64 64] unknow
84 [1.115000e+002 8.150000e+001 43 43] unknow
85 [1.245000e+002 7.150000e+001 65 65] unknow
87 [1.395000e+002 9.650000e+001 49 49] unknow
88 [1.235000e+002 7.050000e+001 63 63] unknow
89 [1.225000e+002 8.750000e+001 65 65] unknow
90 [183 73 64 64] unknow
91 [238 177 40 40] unknow
91 [159 72 58 58] unknow
92 [164 62 68 68] unknow
93 [162 70 66 66] unknow
94 [161 78 58 58] unknow
95 [1.805000e+002 6.850000e+001 63 63] unknow
96 [1.905000e+002 7.150000e+001 63 63] unknow
97 [1.535000e+002 8.250000e+001 65 65] unknow
98 [1.515000e+002 7.250000e+001 65 65] unknow
99 [1.485000e+002 6.150000e+001 73 73] unknow
100 [1.215000e+002 7.850000e+001 67 67] unknow
104 [74 68 48 48] unknow
104 [1.745000e+002 5.050000e+001 47 47] unknow
105 [182 63 54 54] unknow
107 [139 67 56 56] unknow
108 [1.675000e+002 6.250000e+001 53 53] unknow
109 [1.095000e+002 6.550000e+001 47 47] unknow
110 [172 61 54 54] unknow
113 [122 53 40 40] unknow
114 [205 89 36 36] unknow
114 [1.005000e+002 5.350000e+001 43 43] unknow
115 [122 52 40 40] unknow
116 [2.075000e+002 8.850000e+001 37 37] unknow
116 [9.450000e+001 5.350000e+001 43 43] unknow
118 [1.575000e+002 6.150000e+001 61 61] unknow
119 [1.405000e+002 6.450000e+001 51 51] unknow
120 [102 52 44 44] unknow
120 [2.115000e+002 9.050000e+001 39 39] unknow
120 [2.175000e+002 1.325000e+002 123 123] unknow
121 [1.405000e+002 5.950000e+001 51 51] unknow
121 [1.455000e+002 9.550000e+001 37 37] unknow
124 [1.845000e+002 6.650000e+001 51 51] unknow
125 [1.065000e+002 6.250000e+001 43 43] unknow
126 [191 63 50 50] unknow
127 [1.645000e+002 5.450000e+001 55 55] unknow
128 [176 71 60 60] unknow
129 [2.215000e+002 6.450000e+001 47 47] unknow
130 [1.395000e+002 5.650000e+001 47 47] unknow
131 [213 49 46 46] unknow
131 [7.550000e+001 6.950000e+001 43 43] unknow
132 [2.145000e+002 5.250000e+001 41 41] unknow
132 [74 70 42 42] unknow
133 [1.465000e+002 7.150000e+001 57 57] unknow
134 [74 74 38 38] unknow
134 [1.955000e+002 4.750000e+001 41 41] unknow
135 [2.255000e+002 5.950000e+001 33 33] unknow
135 [1.295000e+002 5.150000e+001 37 37] unknow
136 [5.550000e+001 9.650000e+001 39 39] unknow
139 [2.115000e+002 4.850000e+001 35 35] unknow
139 [1.155000e+002 5.650000e+001 37 37] unknow
139 [53 68 40 40] unknow
139 [2.465000e+002 1.615000e+002 45 45] unknow
140 [1.235000e+002 6.450000e+001 67 67] unknow
141 [155 85 82 82] unknow
143 [1.525000e+002 6.350000e+001 57 57] unknow
143 [190 75 48 48] unknow
144 [1.805000e+002 5.850000e+001 47 47] unknow
144 [6.550000e+001 6.950000e+001 59 59] unknow
145 [148 73 52 52] unknow
146 [1.905000e+002 5.250000e+001 51 51] unknow
146 [81 75 60 60] unknow
147 [1.295000e+002 5.350000e+001 55 55] unknow
148 [2.265000e+002 4.850000e+001 35 35] unknow
148 [2.495000e+002 1.595000e+002 39 39] unknow
149 [1.435000e+002 7.950000e+001 75 75] unknow
150 [161 70 62 62] unknow
151 [96 91 50 50] unknow
152 [173 84 66 66] unknow
153 [139 89 62 62] unknow
154 [161 92 64 64] unknow
156 [221 71 54 54] unknow
157 [145 66 60 60] unknow
157 [1.975000e+002 8.650000e+001 45 45] unknow
158 [214 68 54 54] unknow
159 [169 82 68 68] unknow
160 [1.495000e+002 6.850000e+001 53 53] unknow
160 [198 80 52 52] unknow
161 [1.435000e+002 5.750000e+001 55 55] unknow
163 [179 66 48 48] unknow
164 [1.365000e+002 7.650000e+001 73 73] unknow
164 [233 74 46 46] unknow
165 [1.115000e+002 5.250000e+001 51 51] unknow
166 [8.250000e+001 7.650000e+001 57 57] unknow
167 [2.165000e+002 7.050000e+001 53 53] unknow
167 [8.950000e+001 7.950000e+001 59 59] unknow
168 [1.455000e+002 8.550000e+001 171 171] unknow
169 [176 90 40 40] unknow
170 [150 70 50 50] unknow
171 [144 69 52 52] unknow
173 [171 47 46 46] unknow
174 [2.550000e+001 5.450000e+001 43 43] unknow
174 [144 82 60 60] unknow
176 [1.935000e+002 7.250000e+001 45 45] unknow
177 [137 71 52 52] unknow
178 [1.905000e+002 4.350000e+001 33 33] unknow
179 [96 62 38 38] unknow
179 [1.115000e+002 1.285000e+002 117 117] unknow
179 [90 90 106 106] unknow
182 [1.645000e+002 6.750000e+001 53 53] unknow
183 [145 78 62 62] unknow
184 [139 84 60 60] unknow
185 [1.875000e+002 6.550000e+001 57 57] unknow
186 [2.165000e+002 6.850000e+001 45 45] unknow
187 [1.495000e+002 7.050000e+001 53 53] unknow
187 [1.045000e+002 1.855000e+002 41 41] unknow
188 [1.105000e+002 7.450000e+001 47 47] unknow
188 [1.105000e+002 7.950000e+001 69 69] unknow
189 [112 88 46 46] unknow
190 [177 72 66 66] unknow
191 [1.425000e+002 7.650000e+001 63 63] unknow
192 [2.215000e+002 6.750000e+001 37 37] unknow
192 [5.850000e+001 9.750000e+001 37 37] unknow
193 [2.225000e+002 6.150000e+001 33 33] unknow
193 [64 100 34 34] unknow
194 [118 77 62 62] unknow
196 [1.475000e+002 7.150000e+001 47 47] unknow
199 [190 67 54 54] unknow
200 [166 60 58 58] unknow