video2.mat
Observer: Ahmed
Session: 3
7 [153 4.300000e+01 29 45] Lisa
8 [122 4.400000e+01 32 36] Lisa
9 [128 4.300000e+01 27 38] Lisa
11 [171 4.500000e+01 34 32] Matthew
12 [177 1.000000e+02 38 46] Courteney
15 [106 5.300000e+01 36 42] David
16 [81 4.300000e+01 23 34] Matthew
16 [145 5.600000e+01 20 26] Lisa
17 [144 5.600000e+01 23 26] Lisa
17 [80 4.700000e+01 29 35] Matthew
18 [87 4.800000e+01 23 30] Matthew
18 [142 5.400000e+01 22 28] Lisa
19 [178 4.700000e+01 19 21] Matthew
26 [114 6.100000e+01 35 45] Lisa
28 [103 9.000000e+01 22 32] Courteney
28 [114 3.900000e+01 25 32] Matthew
28 [67 1.310000e+02 22 38] Lisa
29 [107 2.700000e+01 32 33] Matt
34 [115 5.300000e+01 31 28] Matthew
35 [107 4.600000e+01 52 58] Jennifer
36 [122 5.900000e+01 38 49] Courteney
38 [119 5.200000e+01 36 43] Matt
39 [106 3.800000e+01 49 80] Matthew
40 [106 4.300000e+01 32 39] David
43 [150 2.400000e+01 23 28] Matthew
43 [145 7.000000e+01 17 24] Courteney
47 [134 5.600000e+01 36 43] Jennifer
50 [140 3.600000e+01 25 26] Matthew
50 [120 8.700000e+01 22 25] Courteney
50 [85 1.290000e+02 21 31] Lisa
51 [38 1.160000e+02 24 31] Courteney
53 [146 5.100000e+01 30 38] Lisa
55 [164 7.900000e+01 31 39] Courteney
57 [25 5.500000e+01 25 27] Matthew
58 [40 6.200000e+01 32 31] Matthew
59 [135 4.100000e+01 33 34] Courteney
68 [139 4.800000e+01 25 41] David
69 [147 4.900000e+01 28 46] David
70 [86 4.600000e+01 31 37] Dunno
71 [144 4.600000e+01 37 44] David
72 [62 2.700000e+01 29 37] Dunno
72 [166 3.100000e+01 26 39] David
73 [131 4.000000e+01 37 50] David
74 [134 4.200000e+01 34 62] David
76 [111 8.400000e+01 25 35] Courteney
76 [60 4.500000e+01 28 36] Matthew
77 [108 8.000000e+01 29 38] Courteney
77 [56 3.800000e+01 32 40] Matthew
78 [64 4.700000e+01 25 35] Matthew
78 [113 7.800000e+01 24 35] Courteney
79 [174 7.900000e+01 25 32] Courteney
79 [104 4.700000e+01 25 40] Matthew
80 [197 8.600000e+01 33 42] Lisa
80 [152 8.400000e+01 24 41] Courteney
80 [131 5.000000e+01 22 31] Matt
81 [78 4.300000e+01 18 25] David
81 [138 5.000000e+01 26 34] Matthew
81 [208 8.400000e+01 30 47] Lisa
81 [162 8.400000e+01 21 35] Courteney
82 [206 8.200000e+01 28 40] Lisa
82 [159 8.000000e+01 22 37] Courteney
82 [144 4.900000e+01 18 32] Matthew
82 [44 4.500000e+01 23 24] David
83 [202 8.300000e+01 34 41] Lisa
83 [139 5.200000e+01 25 30] Matthew
83 [38 4.400000e+01 21 29] David
84 [144 5.400000e+01 16 30] Matthew
84 [48 4.400000e+01 22 28] David
85 [212 7.700000e+01 28 47] Lisa
85 [48 4.200000e+01 16 29] David
86 [176 7.900000e+01 20 31] Courteney
88 [178 5.600000e+01 24 32] Matthew
94 [58 8.900000e+01 26 37] Courteney
95 [115 3.800000e+01 13 17] Matthew
106 [106 4.400000e+01 17 27] Jennifer
110 [156 4.800000e+01 22 30] David
118 [197 5.600000e+01 0 0] David
119 [126 4.500000e+01 26 32] Jennifer
120 [142 5.200000e+01 28 40] David
124 [160 4.300000e+01 17 16] Matt
125 [166 7.400000e+01 23 29] Jennifer
125 [80 4.400000e+01 34 33] Matt
126 [161 6.700000e+01 24 27] Jennifer
128 [167 5.900000e+01 25 32] Jennifer
129 [43 7.300000e+01 19 29] Courteney
129 [117 4.500000e+01 21 29] Matthew
129 [197 6.000000e+01 22 31] Lisa
130 [59 9.000000e+01 32 35] Courteney
130 [168 4.000000e+01 33 41] Matthew
131 [60 9.200000e+01 34 40] Courteney
132 [177 5.600000e+01 27 32] Jennifer
132 [61 2.600000e+01 34 41] Matt
133 [161 4.300000e+01 34 46] Matthew
133 [57 9.400000e+01 30 38] Courteney
135 [153 4.000000e+01 14 16] Matthew
136 [59 8.900000e+01 22 31] Courteney
136 [138 5.200000e+01 35 37] Matthew
140 [117 4.800000e+01 28 41] Matt
142 [132 5.200000e+01 32 38] Jennifer
143 [142 4.600000e+01 32 45] Jennifer
144 [71 4.000000e+01 31 46] Matt
145 [162 6.500000e+01 33 43] Jennifer
146 [94 4.600000e+01 31 49] Matt
148 [127 6.000000e+01 26 42] Jennifer
149 [99 4.400000e+01 44 52] Matt
150 [126 4.900000e+01 32 46] Jennifer
151 [127 4.900000e+01 28 49] Jennifer
154 [95 5.900000e+01 54 67] David
155 [137 4.000000e+01 34 44] Jennifer
156 [106 5.300000e+01 56 74] David
158 [98 4.400000e+01 44 52] Matt
161 [89 5.700000e+01 59 88] David
162 [70 2.600000e+01 23 24] Matt
163 [77 3.500000e+01 20 24] Matt
167 [128 4.900000e+01 35 44] Matthew
171 [98 5.100000e+01 37 41] Dunno
172 [102 4.500000e+01 40 50] Dunno
173 [92 4.500000e+01 36 39] David
174 [167 5.100000e+01 25 34] David
175 [83 6.400000e+01 27 39] Courteney
176 [122 4.700000e+01 27 41] Lisa
178 [79 3.200000e+01 32 31] Matthew
180 [152 4.000000e+01 29 40] David
181 [124 5.000000e+01 29 43] Courteney
182 [147 5.000000e+01 42 54] David
183 [152 3.800000e+01 31 50] David
184 [135 6.300000e+01 40 46] Courteney
191 [69 4.600000e+01 26 46] David
192 [51 3.800000e+01 32 47] David
194 [85 5.600000e+01 29 40] Matthew
195 [185 7.000000e+01 26 28] Courteney
196 [98 4.500000e+01 43 50] Lisa
197 [100 4.700000e+01 34 47] Lisa
198 [113 5.900000e+01 53 76] Dunno2
200 [154 5.600000e+01 28 37] Lisa
