video1.mat
Observer: Lluis
Session: 2
2 [1.825000e+002 3.950000e+001 15 15] ross
3 [1.735000e+002 6.350000e+001 63 63] ross
7 [1.805000e+002 68 70 70] ross
8 [9.450000e+001 73 50 50] fibi
9 [170 73 66 66] ross
14 [131 84 42 42] fibi
15 [105 74 56 56] rachel
16 [1.085000e+002 73 42 42] fibi
17 [81 6.550000e+001 41 41] fibi
18 [190 6.150000e+001 49 49] ross
19 [97 73 42 42] fibi
20 [1.935000e+002 58 48 48] ross
21 [9.650000e+001 71 38 38] fibi
22 [166 6.250000e+001 43 43] ross
23 [9.150000e+001 69 38 38] fibi
25 [88 66 40 40] fibi
26 [1.935000e+002 6.350000e+001 41 41] ross
28 [7.850000e+001 7.650000e+001 39 39] fibi
29 [78 69 42 42] fibi
30 [1.445000e+002 6.450000e+001 43 43] rachel
31 [90 7.250000e+001 45 45] fibi
31 [2.205000e+002 5.350000e+001 45 45] ross
32 [121 7.650000e+001 45 45] fibi
32 [208 50 40 40] ross
34 [139 1.035000e+002 55 55] rachel
36 [131 5.450000e+001 41 41] rachel
37 [163 74 40 40] monica
38 [1.185000e+002 6.650000e+001 55 55] fibi
40 [1.305000e+002 5.850000e+001 39 39] chedler
44 [86 6.450000e+001 49 49] chedler
44 [133 1.095000e+002 37 37] monica
45 [8.650000e+001 7.350000e+001 41 41] chedler
45 [1.405000e+002 1.055000e+002 43 43] monica
46 [85 7.150000e+001 49 49] chedler
48 [107 79 56 56] chedler
49 [1.115000e+002 76 50 50] chedler
51 [1.875000e+002 74 60 60] monica
52 [197 73 60 60] monica
53 [60 6.450000e+001 25 25] joey
54 [1.735000e+002 40 32 32] monica
55 [81 1.075000e+002 35 35] monica
55 [194 67 40 40] chedler
56 [136 86 50 50] joey
57 [81 8.850000e+001 33 33] monica
57 [1.845000e+002 5.850000e+001 47 47] chedler
59 [1.715000e+002 53 18 18] monica
60 [9.650000e+001 86 36 36] monica
61 [1.095000e+002 64 46 46] joey
62 [1.145000e+002 62 48 48] joey
64 [146 5.350000e+001 59 59] joey
65 [143 6.450000e+001 49 49] joey
66 [7.150000e+001 9.150000e+001 37 37] monica
66 [1.815000e+002 52 42 42] chedler
67 [70 8.750000e+001 39 39] monica
67 [2.035000e+002 5.350000e+001 49 49] chedler
69 [1.125000e+002 6.550000e+001 49 49] joey
70 [1.895000e+002 56 48 48] chedler
71 [135 62 50 50] joey
74 [174 6.950000e+001 55 55] fibi
76 [1.985000e+002 5.250000e+001 47 47] monica
77 [1.475000e+002 7.750000e+001 51 51] fibi
79 [1.145000e+002 73 58 58] monica
80 [180 7.150000e+001 61 61] ross
81 [1.745000e+002 7.050000e+001 53 53] ross
83 [120 7.550000e+001 61 61] fibi
84 [107 82 48 48] fibi
85 [123 7.250000e+001 53 53] fibi
86 [1.145000e+002 66 20 20] monica
87 [122 6.150000e+001 17 17] monica
88 [1.255000e+002 7.550000e+001 59 59] fibi
89 [126 88 62 62] fibi
90 [1.795000e+002 79 70 70] ross
91 [162 79 58 58] ross
92 [160 66 60 60] fibi
93 [1.555000e+002 7.150000e+001 61 61] fibi
94 [161 81 58 58] ross
95 [1.795000e+002 74 56 56] ross
96 [188 7.550000e+001 59 59] ross
97 [148 83 62 62] fibi
98 [147 73 62 62] fibi
99 [148 69 58 58] fibi
100 [1.175000e+002 80 48 48] fibi
104 [77 68 46 46] fibi
104 [1.815000e+002 5.450000e+001 51 51] ross
105 [1.855000e+002 7.150000e+001 57 57] ross
107 [139 6.750000e+001 51 51] chedler
108 [1.715000e+002 6.350000e+001 47 47] monica
109 [105 6.750000e+001 37 37] chedler
110 [1.735000e+002 63 50 50] monica
113 [122 5.650000e+001 35 35] monica
114 [1.035000e+002 5.750000e+001 39 39] chedler
115 [121 58 38 38] monica
116 [9.650000e+001 5.650000e+001 37 37] chedler
116 [212 89 34 34] monica
117 [133 5.050000e+001 33 33] rachel
118 [156 66 50 50] rachel
119 [141 67 54 54] rachel
120 [1.055000e+002 55 42 42] chedler
120 [216 9.250000e+001 35 35] monica
121 [139 61 56 56] rachel
124 [1.915000e+002 7.150000e+001 57 57] monica
125 [105 6.750000e+001 47 47] rachel
126 [197 64 54 54] monica
127 [1.655000e+002 5.550000e+001 47 47] chedler
130 [1.325000e+002 5.850000e+001 51 51] monica
131 [6.950000e+001 6.850000e+001 33 33] monica
131 [214 5.350000e+001 49 49] rachel
132 [2.135000e+002 5.250000e+001 43 43] rachel
132 [7.350000e+001 71 34 34] monica
133 [150 7.450000e+001 55 55] chedler
134 [194 4.350000e+001 33 33] chedler
135 [133 55 32 32] rachel
138 [1.475000e+002 7.950000e+001 63 63] ross
139 [5.150000e+001 7.050000e+001 35 35] mulata1
139 [117 5.950000e+001 33 33] rubia1
139 [216 4.750000e+001 29 29] castanya1
140 [128 71 66 66] ross
141 [147 87 78 78] ross
143 [1.465000e+002 65 54 54] fibi
144 [70 7.250000e+001 51 51] mulata1
144 [1.845000e+002 63 50 50] rubia1
146 [7.850000e+001 7.650000e+001 43 43] mulata1
146 [198 57 54 54] rubia1
147 [1.245000e+002 55 46 46] fibi
148 [2.285000e+002 53 34 34] castanya1
149 [135 8.350000e+001 61 61] ross
150 [164 73 66 66] castanya1
153 [136 9.050000e+001 55 55] ross
154 [1.605000e+002 9.650000e+001 57 57] ross
156 [2.185000e+002 79 54 54] ross
158 [2.125000e+002 72 58 58] ross
160 [1.465000e+002 7.250000e+001 61 61] fibi
161 [1.365000e+002 6.250000e+001 51 51] fibi
162 [232 65 32 32] castanya1
163 [1.795000e+002 7.150000e+001 49 49] ross
165 [1.105000e+002 5.950000e+001 47 47] ross
166 [78 79 48 48] rubia1
167 [8.150000e+001 84 48 48] rubia1
167 [222 7.250000e+001 49 49] castanya1
170 [1.455000e+002 7.250000e+001 49 49] monica
171 [1.455000e+002 71 47 47] chedler
172 [1.585000e+002 61 62 62] chedler
173 [1.775000e+002 48 50 50] chedler
174 [145 8.350000e+001 51 51] chedler
176 [196 7.450000e+001 39 39] chedler
177 [1.365000e+002 7.350000e+001 43 43] monica
178 [78 7.250000e+001 18 18] monica
178 [1.875000e+002 4.550000e+001 27 27] chedler
180 [1.905000e+002 1.215000e+002 23 23] rachel
181 [126 8.150000e+001 45 45] monica
182 [1.675000e+002 72 58 58] rachel
183 [1.415000e+002 80 54 54] monica
184 [138 88 62 62] monica
185 [1.895000e+002 6.550000e+001 53 53] rachel
187 [1.435000e+002 7.150000e+001 47 47] monica
188 [108 7.550000e+001 33 33] monica
189 [112 90 34 34] monica+
190 [1.755000e+002 7.450000e+001 65 65] rachel
192 [2.195000e+002 6.550000e+001 31 31] rachel
193 [224 6.550000e+001 29 29] rachel
194 [123 7.750000e+001 49 49] monica
195 [199 109 40 40] rachel
196 [1.525000e+002 79 52 52] rachel
199 [1.885000e+002 67 50 50] joey
200 [1.685000e+002 6.250000e+001 43 43] joey