video1.mat
Observer: Lluis
Session: 1
2 [1.835000e+002 39 16 16] ross
3 [173 64 66 66] ross
7 [181 6.750000e+001 77 77] ross
8 [94 70 56 56] fibi
9 [1.675000e+002 76 64 64] ross
14 [1.335000e+002 8.550000e+001 33 33] fibi
15 [9.750000e+001 7.250000e+001 53 53] rachel
17 [82 6.850000e+001 35 35] fibi
18 [1.875000e+002 6.150000e+001 43 43] ross
19 [97 72 42 42] fibi
20 [191 57 42 42] ross
21 [96 6.750000e+001 37 37] fibi
22 [1.665000e+002 6.250000e+001 35 35] ross
23 [9.150000e+001 6.850000e+001 33 33] fibi
25 [89 66 34 34] fibi
26 [1.955000e+002 6.250000e+001 41 41] ross
28 [7.950000e+001 73 36 36] fibi
29 [79 69 38 38] fibi
30 [1.405000e+002 64 44 44] rachel
31 [88 76 34 34] fibi
31 [2.175000e+002 50 38 38] ross
32 [1.205000e+002 7.550000e+001 43 43] fibi
32 [2.035000e+002 5.250000e+001 37 37] ross
34 [1.415000e+002 1.045000e+002 49 49] rachel
36 [129 58 40 40] rachel
37 [162 72 38 38] monica
38 [1.185000e+002 6.550000e+001 51 51] fibi
40 [128 56 40 40] chedler
41 [150 87 64 64] ross
44 [88 6.450000e+001 41 41] chedler
44 [132 110 40 40] monica
45 [8.950000e+001 72 40 40] chedler
45 [1.385000e+002 1.055000e+002 37 37] monica
46 [87 6.950000e+001 44 44] chedler
48 [107 8.450000e+001 61 61] chedler
49 [1.125000e+002 7.650000e+001 49 49] chedler
51 [184 73 60 60] monica
52 [196 74 56 56] monica
53 [59 6.550000e+001 21 21] joey
54 [1.725000e+002 42 26 26] monica
55 [80 1.055000e+002 35 35] monica
55 [1.935000e+002 6.550000e+001 41 41] chedler
56 [133 8.450000e+001 45 45] joey
57 [80 8.850000e+001 37 37] monica
57 [1.815000e+002 5.750000e+001 47 47] chedler
59 [1.715000e+002 5.250000e+001 13 13] monica
60 [9.450000e+001 8.450000e+001 31 31] monica
60 [168 5.350000e+001 35 35] chedler
61 [1.095000e+002 63 39 39] joey
62 [114 5.950000e+001 41 41] joey
64 [147 5.250000e+001 49 49] joey
65 [1.435000e+002 6.450000e+001 45 45] joey
66 [7.050000e+001 9.350000e+001 41 41] monica
66 [1.845000e+002 5.350000e+001 41 41] chedler
67 [7.050000e+001 90 32 32] monica
67 [198 55 40 40] chedler
68 [91 63 42 42] joey
68 [2.365000e+002 107 37 37] monica
69 [1.105000e+002 68 50 50] joey
70 [1.935000e+002 58 36 36] hedler
71 [1.365000e+002 65 48 48] joey
74 [174 6.750000e+001 47 47] fibi
76 [1.975000e+002 5.050000e+001 43 43] monica
77 [151 83 46 46] fibi
79 [117 73 52 52] monica
80 [181 7.250000e+001 59 59] ross
81 [177 7.450000e+001 57 57] ross
82 [1.105000e+002 115 41 41] monica
83 [122 7.650000e+001 49 49] fibi
84 [109 8.450000e+001 39 39] fibi
85 [1.245000e+002 7.650000e+001 55 55] fibi
86 [115 6.650000e+001 21 21] monica
87 [1.215000e+002 59 20 20] monica
88 [1.255000e+002 71 52 52] fibi
89 [125 90 56 56] fibi
90 [178 77 62 62] ross
91 [1.595000e+002 74 54 54] ross
92 [1.585000e+002 6.350000e+001 61 61] fibi
93 [160 7.650000e+001 59 59] fibi
94 [162 82 60 60] ross
95 [177 69 58 58] ross
96 [184 7.250000e+001 53 53] ross
97 [1.495000e+002 85 51 51] fibi
98 [1.485000e+002 7.350000e+001 53 53] fibi
99 [1.455000e+002 6.350000e+001 59 59] fibi
100 [120 8.350000e+001 49 49] fibi
101 [60 64 16 16] fibi
104 [7.750000e+001 71 46 46] fibi
104 [181 58 50 50] ross
105 [185 6.950000e+001 49 49] ross
107 [139 68 48 48] chedler
108 [169 6.650000e+001 43 43] monica
109 [1.045000e+002 64 44 44] chedler
110 [172 6.350000e+001 47 47] monica
113 [1.225000e+002 5.450000e+001 35 35] rachel
114 [103 56 42 42] chedler
114 [2.095000e+002 9.050000e+001 37 37] monica
115 [121 5.550000e+001 41 41] rachel
116 [97 5.550000e+001 41 41] chedler
116 [212 91 30 30] monica
117 [1.335000e+002 51 38 38] rachel
118 [1.535000e+002 64 46 46] rachel
119 [1.385000e+002 6.950000e+001 49 49] rachel
120 [106 5.450000e+001 41 41] chedler
120 [215 9.350000e+001 37 37] monica
121 [1.375000e+002 63 48 48] rachel
124 [190 69 48 48] monica
125 [102 6.550000e+001 53 53] rachel
126 [1.995000e+002 6.350000e+001 57 57] monica
127 [1.655000e+002 56 50 50] chedler
130 [135 59 46 46] monica
131 [7.150000e+001 70 36 36] monica
131 [2.115000e+002 53 46 46] rachel
132 [7.150000e+001 7.150000e+001 37 37] monica
132 [213 5.550000e+001 43 43] rachel
133 [148 75 54 54] chedler
134 [196 46 32 32] chedler
134 [70 7.450000e+001 25 25] monica
135 [1.325000e+002 55 32 32] rachel
136 [62 9.950000e+001 41 41] monica
138 [149 7.750000e+001 61 61] ross
140 [123 7.050000e+001 75 75] ross
141 [150 89 70 70] ross
143 [1.465000e+002 6.850000e+001 55 55] fibi
145 [145 7.350000e+001 45 45] fibi
146 [74 7.350000e+001 45 45] mulata1
146 [1.945000e+002 5.650000e+001 51 51] rubia1
147 [1.255000e+002 5.550000e+001 49 49] fibi
148 [2.285000e+002 5.050000e+001 31 31] castanya1
149 [135 8.150000e+001 63 63] ross
150 [164 7.250000e+001 59 59] castanya1
151 [90 9.150000e+001 39 39] fibi
152 [1.675000e+002 8.450000e+001 57 57] ross
153 [139 9.350000e+001 67 67] ross
154 [1.555000e+002 9.250000e+001 51 51] ross
156 [216 7.650000e+001 55 55] ross
157 [139 7.150000e+001 55 55] fibi
158 [2.115000e+002 72 60 60] ross
159 [162 8.650000e+001 67 67] ross
160 [1.455000e+002 73 52 52] fibi
161 [136 6.050000e+001 55 55] fibi
163 [181 71 54 54] ross
165 [112 59 52 52] ross
166 [79 78 56 56] rubia1
167 [8.250000e+001 8.050000e+001 53 53] rubia1
167 [2.195000e+002 7.050000e+001 57 57] castanya1
170 [144 72 52 52] monica
171 [1.465000e+002 6.850000e+001 47 47] chedler
172 [158 61 64 64] chedler
173 [176 48 52 52] chedler
174 [1.435000e+002 80 52 52] chedler
176 [194 7.350000e+001 47 47] chedler
177 [137 75 50 50] monica
178 [7.950000e+001 7.250000e+001 19 19] monica
180 [1.895000e+002 1.245000e+002 19 19] rachel
181 [1.255000e+002 82 43 43] monica
182 [1.645000e+002 7.150000e+001 53 53] rachel
183 [138 7.750000e+001 57 57] monica
184 [134 8.550000e+001 51 51] monica
185 [192 69 52 52] rachel
187 [142 70 44 44] monica
188 [1.055000e+002 76 40 40] monica
189 [1.065000e+002 90 37 37] monica
190 [177 7.250000e+001 69 69] rachel
191 [136 7.450000e+001 65 65] monica
192 [222 67 30 30] rachel
193 [222 62 32 32] rachel
194 [1.235000e+002 81 52 52] monica
195 [2.005000e+002 111 40 40] rachel
196 [151 7.350000e+001 59 59] rachel
199 [189 6.250000e+001 51 51] joey
200 [1.675000e+002 62 42 42] joey